R/544a9b238236614d0da84686d321a		38.846696,-77.289423	38.833296,-77.300823	38.824696,-77.294223	38.815996,-77.284923	38.811296,-77.302523	38.843096,-77.295023	38.844896,-77.298623	38.844496,-77.289123	38.840596,-77.287223	38.835296,-77.299223	38.840396,-77.292823	38.819196,-77.285723	38.834596,-77.309323	38.848296,-77.298923	38.844796,-77.300523	38.817696,-77.313323	38.832896,-77.315923	38.830796,-77.312723	38.830596,-77.321723	38.841096,-77.288123	38.843196,-77.291023	38.836496,-77.315223	38.841496,-77.317123	38.814196,-77.311423	38.840496,-77.310423	AVG: 38.834264, -77.301019	MAX DISTANCE FROM AVG: 0.0243475058270886	

R/544a9b1eb2705184944e9de71bfed		38.828806,-77.296399	38.817106,-77.299299	38.810106,-77.298699	38.829506,-77.303099	38.836506,-77.310499	38.827706,-77.300999	38.845706,-77.284999	38.830306,-77.310199	38.812706,-77.308199	38.816406,-77.293299	38.815806,-77.298399	38.846706,-77.317499	38.826906,-77.282999	38.836706,-77.290199	38.828706,-77.300199	38.844506,-77.283299	38.817806,-77.292099	38.845306,-77.299299	38.817106,-77.287599	38.825206,-77.296299	38.827706,-77.295199	38.814206,-77.293199	38.825706,-77.301699	38.834406,-77.290699	38.811906,-77.284399	AVG: 38.826942, -77.296751	MAX DISTANCE FROM AVG: 0.0286547587670827	

R/544a9b0179f5912f9305497c79a4e		38.838263,-77.288467	38.838863,-77.303667	38.837963,-77.307467	38.831963,-77.304467	38.814963,-77.298567	38.802063,-77.313067	38.807263,-77.293467	38.812363,-77.280467	38.835763,-77.284267	38.822663,-77.290967	38.806163,-77.277367	38.818663,-77.287067	38.803363,-77.295867	38.828063,-77.311667	38.803963,-77.290167	38.832063,-77.309367	38.806863,-77.311767	38.839163,-77.286467	38.835063,-77.313867	38.832463,-77.290967	38.807163,-77.280267	38.829863,-77.303267	38.805363,-77.292167	38.804563,-77.284267	38.808463,-77.293767	AVG: 38.820135, -77.295727	MAX DISTANCE FROM AVG: 0.0250454144305955	

R/544a9aefe1090360ab220fb50440d		38.822118,-77.291926	38.819318,-77.311426	38.825718,-77.303926	38.833318,-77.277926	38.820918,-77.280126	38.820818,-77.297426	38.812418,-77.281326	38.835118,-77.280826	38.837818,-77.285026	38.831518,-77.282326	38.842618,-77.298426	38.806918,-77.284726	38.836418,-77.281926	38.817218,-77.279326	38.837418,-77.279826	38.808918,-77.298626	38.807018,-77.286026	38.812118,-77.275026	38.841118,-77.311626	38.840418,-77.307326	38.823518,-77.285326	38.823418,-77.283226	38.834518,-77.296026	38.817818,-77.301826	38.812018,-77.284526	AVG: 38.824822, -77.289842	MAX DISTANCE FROM AVG: 0.0272048207492757	

R/544a9ac25299c28ca8ebb1184dd3c		38.825758,-77.295072	38.840658,-77.310872	38.853358,-77.318772	38.857558,-77.324572	38.852758,-77.330272	38.856258,-77.303172	38.833858,-77.313572	38.856958,-77.318772	38.844858,-77.303872	38.834158,-77.296872	38.847458,-77.313072	38.843058,-77.308972	38.837858,-77.304072	38.857758,-77.298272	38.844958,-77.307172	38.838058,-77.317872	38.856858,-77.316972	38.854158,-77.323472	38.820958,-77.296972	38.827258,-77.320972	38.835958,-77.320672	38.852658,-77.301972	38.853958,-77.297172	38.829858,-77.297372	38.842458,-77.294172	AVG: 38.843978, -77.3094	MAX DISTANCE FROM AVG: 0.0261605730824234	

R/544a9a24d110445d89bc0ece82c0b		38.839172,-77.323607	38.829672,-77.287407	38.831372,-77.297307	38.819872,-77.319207	38.815472,-77.306207	38.816072,-77.320607	38.841972,-77.314707	38.820172,-77.294007	38.828772,-77.324107	38.821272,-77.324407	38.833172,-77.313407	38.817472,-77.308407	38.829572,-77.311907	38.816772,-77.303907	38.826372,-77.303707	38.818472,-77.312507	38.810472,-77.297007	38.842572,-77.306507	38.826472,-77.326507	38.817172,-77.292107	38.840172,-77.326007	38.814872,-77.296307	38.823472,-77.303607	38.838872,-77.289307	38.830172,-77.306207	AVG: 38.825996, -77.308359	MAX DISTANCE FROM AVG: 0.0229950011959248	

R/544a99ed274c24d2ccd6af22f3b34		38.806366,-77.287226	38.841266,-77.300526	38.831966,-77.300326	38.839266,-77.289726	38.835666,-77.309826	38.820666,-77.296926	38.841566,-77.319526	38.833666,-77.315526	38.807366,-77.306926	38.840766,-77.309026	38.830266,-77.287226	38.839366,-77.282426	38.825666,-77.291326	38.836766,-77.292426	38.827466,-77.300126	38.844166,-77.312026	38.813166,-77.296626	38.822866,-77.312726	38.824266,-77.304426	38.808066,-77.301126	38.818466,-77.291526	38.845266,-77.320326	38.830566,-77.318626	38.811966,-77.299826	38.829566,-77.285326	AVG: 38.828258, -77.301266	MAX DISTANCE FROM AVG: 0.026007330966473	

R/544a99d12de4976406bbaaf48835d		38.820065,-77.294245	38.826465,-77.318345	38.824065,-77.307345	38.825165,-77.293745	38.829765,-77.318745	38.822165,-77.326945	38.813665,-77.298845	38.845965,-77.295845	38.848365,-77.310845	38.823965,-77.297945	38.835765,-77.303445	38.837765,-77.325845	38.819265,-77.315445	38.845965,-77.320245	38.837165,-77.311545	38.822465,-77.307645	38.836165,-77.312245	38.842365,-77.319945	38.841765,-77.308945	38.828765,-77.311245	38.845865,-77.292245	38.816465,-77.314845	38.838465,-77.317145	38.814865,-77.311045	38.830765,-77.290545	AVG: 38.830941, -77.309009	MAX DISTANCE FROM AVG: 0.0224445421428242	

R/544a99af1ed8a849c40b650e903e8		38.834024,-77.302896	38.828324,-77.288396	38.824324,-77.321896	38.807424,-77.288496	38.826224,-77.321196	38.817024,-77.289296	38.811724,-77.289096	38.844324,-77.298796	38.807824,-77.319896	38.830424,-77.315196	38.824924,-77.315796	38.825424,-77.289096	38.833224,-77.316696	38.812624,-77.286896	38.845224,-77.306996	38.840424,-77.301096	38.836224,-77.299896	38.824324,-77.318996	38.822424,-77.316896	38.820624,-77.320896	38.822524,-77.307096	38.832324,-77.319296	38.808324,-77.296696	38.822124,-77.301496	38.830424,-77.321396	AVG: 38.825312, -77.306176	MAX DISTANCE FROM AVG: 0.0251508040428119	

R/544a998967f556b56d3531d367368		38.814198,-77.291083	38.833198,-77.301283	38.841298,-77.311383	38.849698,-77.299583	38.823998,-77.292983	38.841398,-77.319483	38.812098,-77.304683	38.841798,-77.293083	38.829598,-77.300483	38.848698,-77.321183	38.846098,-77.303583	38.840898,-77.317583	38.817598,-77.310883	38.820098,-77.323083	38.831398,-77.313883	38.848998,-77.301983	38.838398,-77.317283	38.820198,-77.323283	38.846698,-77.295683	38.812498,-77.289583	38.814898,-77.308983	38.824198,-77.312783	38.836498,-77.321583	38.821598,-77.319283	38.816698,-77.287183	AVG: 38.83091, -77.307275	MAX DISTANCE FROM AVG: 0.0255344592267059	

R/544a9985749157a4325fea21aca81		38.8296858,-77.287678	38.8157858,-77.291178	38.8489858,-77.286278	38.8194858,-77.302478	38.8459858,-77.286178	38.8523858,-77.318078	38.8295858,-77.304378	38.8359858,-77.296078	38.8361858,-77.297578	38.8218858,-77.319778	38.8251858,-77.302978	38.8182858,-77.321478	38.8474858,-77.302078	38.8447858,-77.315678	38.8296858,-77.323878	38.8472858,-77.303978	38.8476858,-77.315178	38.8132858,-77.300078	38.8421858,-77.300278	38.8352858,-77.309078	38.8364858,-77.317478	38.8328858,-77.311078	38.8419858,-77.299578	38.8347858,-77.299178	38.8502858,-77.313478	AVG: 38.8353418, -77.305006	MAX DISTANCE FROM AVG: 0.0239510066594239	

R/544a995e890f2ff281c236b4d8b2a		38.837146,-77.306065	38.822146,-77.310865	38.818446,-77.307465	38.843146,-77.324165	38.823446,-77.324665	38.826346,-77.293565	38.822046,-77.318365	38.818846,-77.290365	38.835646,-77.309965	38.839146,-77.307965	38.824246,-77.289965	38.819446,-77.312765	38.811546,-77.304565	38.815446,-77.310465	38.826846,-77.325865	38.830746,-77.309965	38.824246,-77.289965	38.826246,-77.287965	38.813646,-77.301865	38.844046,-77.321565	38.816246,-77.320965	38.831546,-77.306065	38.842146,-77.287565	38.847346,-77.296365	38.827846,-77.316165	AVG: 38.827518, -77.307021	MAX DISTANCE FROM AVG: 0.0243416170374876	

R/544a98e356a7f575c1a859b2acdb4		38.844996,-77.323155	38.824096,-77.319355	38.817596,-77.304655	38.819696,-77.317655	38.841296,-77.290155	38.808396,-77.303855	38.836196,-77.320155	38.837496,-77.322055	38.820896,-77.289055	38.840996,-77.300155	38.817796,-77.315255	38.808496,-77.304355	38.813196,-77.307555	38.840196,-77.307855	38.820996,-77.321455	38.846496,-77.308955	38.845496,-77.306055	38.833396,-77.285955	38.840596,-77.316755	38.838696,-77.289155	38.839496,-77.307755	38.828796,-77.309255	38.844196,-77.300655	38.809196,-77.319255	38.826396,-77.298855	AVG: 38.829804, -77.307575	MAX DISTANCE FROM AVG: 0.0236878041194276	

R/544a985c39049d2c4100b967cc39d		38.852373,-77.295363	38.822473,-77.296563	38.834973,-77.285163	38.849373,-77.298263	38.843573,-77.321363	38.843473,-77.320863	38.841473,-77.290563	38.839973,-77.317463	38.839773,-77.319263	38.814173,-77.286363	38.846873,-77.320263	38.843673,-77.301363	38.849473,-77.306163	38.823173,-77.298363	38.820273,-77.311663	38.823373,-77.303963	38.843273,-77.293763	38.812773,-77.298963	38.817673,-77.302163	38.852573,-77.313163	38.840873,-77.303363	38.833573,-77.323263	38.823373,-77.293463	38.840173,-77.301863	38.830873,-77.300663	AVG: 38.835345, -77.304147	MAX DISTANCE FROM AVG: 0.0276500314647237	

R/544a983d8eb391c8cd185c3a14187		38.816849,-77.304573	38.822549,-77.295673	38.829949,-77.315273	38.834849,-77.315373	38.831349,-77.295473	38.849149,-77.317773	38.826349,-77.300873	38.842249,-77.306073	38.839349,-77.296173	38.839849,-77.310473	38.830449,-77.322673	38.817649,-77.325473	38.822749,-77.290073	38.826949,-77.287773	38.815949,-77.316973	38.827449,-77.289773	38.822849,-77.297273	38.832349,-77.307273	38.824549,-77.322273	38.826049,-77.320673	38.835049,-77.301573	38.833749,-77.319373	38.813949,-77.309273	38.844349,-77.292773	38.821349,-77.320673	AVG: 38.829117, -77.307265	MAX DISTANCE FROM AVG: 0.0226207667420971	

R/544a983cea7200766c83e464b748a		38.835098,-77.326005	38.848198,-77.293705	38.837698,-77.294905	38.844098,-77.298705	38.846098,-77.306805	38.842898,-77.297305	38.846698,-77.318305	38.820598,-77.302905	38.823498,-77.309605	38.818098,-77.314505	38.847898,-77.318805	38.830698,-77.312605	38.852298,-77.292205	38.842298,-77.314405	38.845598,-77.288705	38.827198,-77.304305	38.836698,-77.293705	38.816598,-77.326505	38.819598,-77.294305	38.834398,-77.322405	38.829098,-77.311405	38.851898,-77.319305	38.846098,-77.294005	38.825998,-77.290905	38.838598,-77.287605	AVG: 38.836318, -77.305357	MAX DISTANCE FROM AVG: 0.0289156757486392	

R/544a97f7d60d3911d463f0d63d536		38.82367,-77.32206	38.82117,-77.32066	38.84817,-77.29796	38.81727,-77.31226	38.81957,-77.30336	38.84497,-77.31526	38.81817,-77.29346	38.82237,-77.29486	38.83427,-77.30956	38.84807,-77.31126	38.84217,-77.32226	38.84647,-77.30846	38.81817,-77.30676	38.83087,-77.30696	38.84017,-77.31156	38.81447,-77.31416	38.84447,-77.29136	38.83767,-77.28396	38.81367,-77.30916	38.84887,-77.28616	38.82497,-77.28906	38.82317,-77.31976	38.83137,-77.31416	38.81347,-77.28536	38.82657,-77.29526	AVG: 38.83017, -77.305004	MAX DISTANCE FROM AVG: 0.0265478122639064	

R/544a97482ed0866855664a099138c		38.8354062,-77.3155268	38.8248062,-77.3174268	38.8242062,-77.2912268	38.8160062,-77.2881268	38.8406062,-77.3028268	38.8195062,-77.2902268	38.8144062,-77.3119268	38.8448062,-77.3025268	38.8401062,-77.3074268	38.8099062,-77.3067268	38.8407062,-77.2889268	38.8278062,-77.3123268	38.8425062,-77.3157268	38.8131062,-77.3184268	38.8288062,-77.2932268	38.8302062,-77.2907268	38.8319062,-77.2859268	38.8321062,-77.3006268	38.8359062,-77.2885268	38.8391062,-77.2961268	38.8112062,-77.3051268	38.8454062,-77.3244268	38.8220062,-77.3006268	38.8362062,-77.3193268	38.8457062,-77.3022268	AVG: 38.8300982, -77.3030508	MAX DISTANCE FROM AVG: 0.0262919805264016	

R/544a9720c493b815983e176874f51		38.841278,-77.319312	38.827578,-77.292612	38.846478,-77.286712	38.835078,-77.287412	38.849978,-77.315312	38.823578,-77.296412	38.824778,-77.309912	38.836478,-77.296912	38.817978,-77.298912	38.849578,-77.295312	38.812078,-77.293512	38.816178,-77.302012	38.849178,-77.297812	38.833278,-77.306412	38.850178,-77.310512	38.828278,-77.297512	38.848778,-77.297812	38.841378,-77.292412	38.828778,-77.299812	38.834578,-77.297212	38.842478,-77.302012	38.828778,-77.308012	38.845578,-77.320312	38.842078,-77.322812	38.822778,-77.319112	AVG: 38.835086, -77.302644	MAX DISTANCE FROM AVG: 0.0247540196331899	

R/544a96c745c5a4b78569b83dc3f7f		38.84485,-77.287642	38.82345,-77.286442	38.81705,-77.294942	38.84615,-77.302242	38.82925,-77.292142	38.82455,-77.315042	38.81895,-77.296042	38.82875,-77.301442	38.81965,-77.291842	38.82315,-77.311142	38.82485,-77.295142	38.81515,-77.295442	38.81455,-77.307842	38.81435,-77.303742	38.83905,-77.299742	38.82275,-77.288342	38.84015,-77.289242	38.83655,-77.299242	38.81205,-77.304942	38.84875,-77.292842	38.82175,-77.316342	38.84455,-77.313342	38.81545,-77.295342	38.83105,-77.322942	38.82535,-77.289542	AVG: 38.827286, -77.299718	MAX DISTANCE FROM AVG: 0.0235270455433715	

R/544a969c1059ea442df6cacea768e		38.8173964,-77.3033345	38.8282964,-77.2941345	38.8262964,-77.2988345	38.8197964,-77.3212345	38.8262964,-77.3025345	38.8321964,-77.3066345	38.8482964,-77.2862345	38.8159964,-77.2982345	38.8289964,-77.2987345	38.8395964,-77.3027345	38.8250964,-77.2892345	38.8207964,-77.3146345	38.8297964,-77.3030345	38.8270964,-77.3161345	38.8139964,-77.3218345	38.8163964,-77.3059345	38.8169964,-77.2965345	38.8157964,-77.3082345	38.8348964,-77.3087345	38.8134964,-77.3213345	38.8490964,-77.3254345	38.8217964,-77.2878345	38.8142964,-77.3082345	38.8515964,-77.3173345	38.8184964,-77.2916345	AVG: 38.8261124, -77.3051505	MAX DISTANCE FROM AVG: 0.0306546067011175	

R/544a9697dce6162705f69948632e3		38.84982,-77.321765	38.84702,-77.316165	38.82872,-77.287365	38.83962,-77.326565	38.82262,-77.323765	38.82532,-77.292665	38.85032,-77.295765	38.82552,-77.295865	38.84502,-77.309165	38.82552,-77.305365	38.81232,-77.290265	38.81702,-77.325465	38.84122,-77.290065	38.81322,-77.321865	38.81752,-77.304065	38.82002,-77.325065	38.83472,-77.315465	38.81522,-77.306865	38.82952,-77.326465	38.83592,-77.323965	38.81872,-77.318065	38.81122,-77.318665	38.82202,-77.300665	38.84872,-77.322165	38.82522,-77.297565	AVG: 38.828884, -77.310445	MAX DISTANCE FROM AVG: 0.026107441391302	

R/544a967403762563f4239f22b36d4		38.818823,-77.305637	38.814823,-77.302037	38.810323,-77.282637	38.838523,-77.310637	38.837123,-77.283037	38.805923,-77.287837	38.803623,-77.311537	38.835823,-77.303937	38.803723,-77.282037	38.837723,-77.285937	38.833023,-77.287237	38.812423,-77.280537	38.815023,-77.314937	38.841023,-77.276137	38.827523,-77.280637	38.831523,-77.292937	38.816223,-77.304537	38.828623,-77.277837	38.836323,-77.304137	38.827123,-77.310837	38.832523,-77.310837	38.841423,-77.307637	38.822623,-77.274937	38.832423,-77.311837	38.832523,-77.279337	AVG: 38.825471, -77.294785	MAX DISTANCE FROM AVG: 0.0275311570407112	

R/544a964067f3e4e999f2b00d29c60		38.850857,-77.321608	38.832457,-77.291208	38.832157,-77.299808	38.846557,-77.288508	38.824457,-77.311108	38.847257,-77.311408	38.832157,-77.319008	38.835057,-77.294408	38.846857,-77.322908	38.823457,-77.306308	38.833157,-77.316608	38.815557,-77.296508	38.821257,-77.286108	38.824857,-77.320908	38.851257,-77.301708	38.834157,-77.302508	38.839157,-77.322008	38.840057,-77.321508	38.831457,-77.315808	38.831757,-77.286708	38.816557,-77.319508	38.833357,-77.300708	38.849157,-77.303408	38.833757,-77.320008	38.838657,-77.311608	AVG: 38.834617, -77.307676	MAX DISTANCE FROM AVG: 0.025370617335809	

R/544a9613596f0046c7e6c430c9619		38.8555891,-77.3036686	38.8336891,-77.3031686	38.8595891,-77.2952686	38.8249891,-77.2725686	38.8599891,-77.2802686	38.8468891,-77.2800686	38.8635891,-77.2844686	38.8614891,-77.2918686	38.8621891,-77.2923686	38.8630891,-77.2965686	38.8610891,-77.2894686	38.8544891,-77.2721686	38.8324891,-77.2897686	38.8609891,-77.2836686	38.8364891,-77.2861686	38.8300891,-77.2855686	38.8597891,-77.2911686	38.8272891,-77.2683686	38.8430891,-77.2905686	38.8324891,-77.2844686	38.8461891,-77.2972686	38.8371891,-77.2710686	38.8524891,-77.2830686	38.8507891,-77.2732686	38.8633891,-77.2732686	AVG: 38.8487771, -77.2855846	MAX DISTANCE FROM AVG: 0.0275340661726449	

R/544a95539fece1fd987b681d6c08d		38.819749,-77.319034	38.799849,-77.314834	38.821349,-77.295734	38.804249,-77.319834	38.788349,-77.298434	38.801549,-77.305034	38.808749,-77.311234	38.804949,-77.306934	38.809149,-77.305934	38.804949,-77.319434	38.812349,-77.318034	38.818349,-77.291534	38.795449,-77.324334	38.788549,-77.298534	38.816849,-77.298134	38.787949,-77.327034	38.793149,-77.296934	38.787749,-77.323734	38.820949,-77.319134	38.816149,-77.296534	38.804049,-77.321634	38.818949,-77.294134	38.807449,-77.309834	38.793249,-77.318834	38.793649,-77.290634	AVG: 38.804709, -77.309018	MAX DISTANCE FROM AVG: 0.0246063783601079	

R/544a9551299dd9dec1846e77f4b04		38.811342,-77.299417	38.848442,-77.294317	38.821042,-77.316617	38.827642,-77.308917	38.836142,-77.304517	38.844542,-77.288417	38.813842,-77.285417	38.814742,-77.292417	38.812742,-77.311617	38.826342,-77.312217	38.850342,-77.319717	38.849142,-77.318617	38.850942,-77.309317	38.843342,-77.312317	38.832742,-77.312617	38.813142,-77.297617	38.836342,-77.298817	38.834242,-77.302317	38.811842,-77.321717	38.849242,-77.296117	38.828042,-77.295917	38.820542,-77.305917	38.819942,-77.306817	38.830142,-77.315717	38.815942,-77.294717	AVG: 38.82971, -77.304885	MAX DISTANCE FROM AVG: 0.0254099911058689	

R/544a94992f3e4f9c7eb56dcc7fe37		38.859237,-77.298377	38.858637,-77.322277	38.841037,-77.315977	38.840437,-77.307277	38.861337,-77.317277	38.845637,-77.301777	38.854837,-77.304677	38.846937,-77.302377	38.868537,-77.321077	38.857037,-77.327477	38.836337,-77.326677	38.840037,-77.297077	38.855437,-77.330677	38.835337,-77.311277	38.860337,-77.300877	38.847437,-77.335177	38.857437,-77.312877	38.832537,-77.327077	38.863437,-77.302277	38.866337,-77.306877	38.841737,-77.327277	38.844037,-77.305277	38.846837,-77.330677	38.869137,-77.315377	38.837537,-77.312277	AVG: 38.850705, -77.314413	MAX DISTANCE FROM AVG: 0.0221461761936509	

R/544a945499d063cd574570febdf2a		38.842509,-77.297955	38.851509,-77.288355	38.843809,-77.293555	38.838609,-77.319755	38.830309,-77.304755	38.832809,-77.320555	38.819409,-77.313355	38.850609,-77.322755	38.824409,-77.301255	38.852809,-77.298255	38.830209,-77.326455	38.842209,-77.325955	38.848309,-77.304655	38.845009,-77.311055	38.831009,-77.288955	38.818509,-77.298755	38.820209,-77.308955	38.836709,-77.324155	38.826609,-77.288455	38.839709,-77.290755	38.821409,-77.326955	38.850009,-77.291855	38.817609,-77.299255	38.830109,-77.300355	38.831509,-77.301055	AVG: 38.835037, -77.305927	MAX DISTANCE FROM AVG: 0.0250579162740994	

R/544a9343d5caa36895e653f94293e		38.833168,-77.290722	38.807968,-77.316022	38.825768,-77.316422	38.821268,-77.316722	38.828268,-77.288322	38.844368,-77.308122	38.831668,-77.304322	38.806968,-77.297222	38.826668,-77.286222	38.813068,-77.297522	38.819968,-77.289422	38.828368,-77.290122	38.830068,-77.319122	38.817168,-77.318222	38.814268,-77.303122	38.827868,-77.304022	38.820268,-77.306922	38.840868,-77.321022	38.822468,-77.298922	38.806868,-77.284222	38.836268,-77.293622	38.838368,-77.306322	38.842868,-77.318522	38.809668,-77.315722	38.813868,-77.297122	AVG: 38.824336, -77.303522	MAX DISTANCE FROM AVG: 0.0260311548725567	

R/544a931d7ef1cf7866e4e7e899d9a		38.820198,-77.318192	38.838598,-77.290092	38.813898,-77.322992	38.827598,-77.320992	38.822398,-77.311992	38.824498,-77.299092	38.848598,-77.307992	38.833998,-77.318692	38.825298,-77.296092	38.813998,-77.315092	38.813698,-77.318492	38.811298,-77.287192	38.827898,-77.304092	38.823798,-77.326892	38.816698,-77.326492	38.834198,-77.291192	38.816498,-77.289392	38.831298,-77.288892	38.811898,-77.304292	38.811298,-77.304992	38.834198,-77.321092	38.811398,-77.296092	38.814198,-77.297492	38.829598,-77.310692	38.840998,-77.293792	AVG: 38.823922, -77.306492	MAX DISTANCE FROM AVG: 0.0247215488188007	

R/544a92cb72628310e34d0f75ad1d9		38.843182,-77.2976767	38.850282,-77.3219767	38.848682,-77.3196767	38.844582,-77.2966767	38.824682,-77.2995767	38.814382,-77.3121767	38.837282,-77.3149767	38.819782,-77.2852767	38.824082,-77.3221767	38.847982,-77.3196767	38.811682,-77.2856767	38.817082,-77.2838767	38.848682,-77.2955767	38.827382,-77.2868767	38.827982,-77.2846767	38.811582,-77.2929767	38.819182,-77.3206767	38.812482,-77.3126767	38.826682,-77.3159767	38.813282,-77.3215767	38.814882,-77.3225767	38.834382,-77.3069767	38.847382,-77.2960767	38.813182,-77.2984767	38.835082,-77.3140767	AVG: 38.828634, -77.3051447	MAX DISTANCE FROM AVG: 0.0274217455316073	

R/544a92a6152fbda58e24da58fa125		38.819111,-77.305626	38.848711,-77.309226	38.838511,-77.311326	38.826111,-77.323726	38.844011,-77.318926	38.845011,-77.310226	38.817811,-77.292426	38.845911,-77.319726	38.813711,-77.320126	38.833011,-77.286326	38.818611,-77.291826	38.823611,-77.299326	38.848611,-77.293026	38.825611,-77.303726	38.821311,-77.287326	38.813911,-77.302426	38.838611,-77.293126	38.846511,-77.299626	38.845911,-77.321726	38.828111,-77.291726	38.809211,-77.318126	38.843511,-77.304526	38.847811,-77.314926	38.823211,-77.294826	38.830211,-77.303526	AVG: 38.831867, -77.304698	MAX DISTANCE FROM AVG: 0.0263363915523825	

R/544a929e109f3d8fd51614eb299da		38.831519,-77.281894	38.805319,-77.306094	38.833819,-77.297394	38.819819,-77.321294	38.802219,-77.288494	38.802219,-77.313894	38.817719,-77.299694	38.816719,-77.299994	38.815119,-77.310594	38.818319,-77.299794	38.829919,-77.311594	38.808419,-77.302494	38.833419,-77.284694	38.799319,-77.283494	38.826619,-77.310894	38.820919,-77.300094	38.797919,-77.295094	38.831419,-77.294494	38.800019,-77.307794	38.827019,-77.319694	38.817019,-77.290594	38.813219,-77.310094	38.807819,-77.289094	38.826919,-77.317194	38.828319,-77.289394	AVG: 38.817243, -77.301034	MAX DISTANCE FROM AVG: 0.025078304886887	

R/544a927d09918c6b3abfecdf6cfef		38.841907,-77.298754	38.824907,-77.306254	38.828707,-77.324254	38.815607,-77.309154	38.832507,-77.303554	38.820107,-77.308254	38.824407,-77.298254	38.850207,-77.289454	38.847707,-77.300154	38.845107,-77.293554	38.841307,-77.320354	38.825407,-77.311454	38.835807,-77.327154	38.816607,-77.321354	38.828807,-77.309354	38.826707,-77.291354	38.835807,-77.296854	38.834707,-77.307154	38.845307,-77.322854	38.837707,-77.299254	38.846607,-77.296254	38.854307,-77.317254	38.831607,-77.311754	38.849107,-77.317054	38.844107,-77.321354	AVG: 38.835403, -77.308098	MAX DISTANCE FROM AVG: 0.0238066619247741	

R/544a925a6236b0a203a0de2a53ab2		38.842048,-77.303228	38.818948,-77.309328	38.819148,-77.307528	38.828148,-77.327128	38.830948,-77.303628	38.822648,-77.310228	38.815848,-77.329928	38.810148,-77.296228	38.809048,-77.325928	38.840748,-77.317828	38.844848,-77.296028	38.813548,-77.316228	38.818948,-77.296928	38.824348,-77.318728	38.840948,-77.319728	38.823048,-77.319328	38.827248,-77.309628	38.817848,-77.312028	38.838848,-77.322328	38.839048,-77.311228	38.844648,-77.306828	38.828148,-77.326428	38.827048,-77.316528	38.811448,-77.301828	38.832648,-77.299928	AVG: 38.826812, -77.312188	MAX DISTANCE FROM AVG: 0.0242165830785394	

R/544a9057c28df9d5ba81867e6273a		38.824623,-77.291805	38.826423,-77.317605	38.843823,-77.295705	38.836423,-77.315905	38.820723,-77.289905	38.852023,-77.295505	38.842223,-77.317505	38.839023,-77.307805	38.827823,-77.289405	38.830523,-77.317405	38.817223,-77.286405	38.840723,-77.313005	38.836623,-77.323405	38.829423,-77.306005	38.835723,-77.325105	38.829423,-77.300505	38.833323,-77.321705	38.851523,-77.310505	38.835223,-77.315205	38.846223,-77.308605	38.845223,-77.320305	38.821723,-77.304105	38.846923,-77.294505	38.832423,-77.323405	38.813723,-77.325705	AVG: 38.834363, -77.308681	MAX DISTANCE FROM AVG: 0.028106934660329	

R/544a902abc35c6253399f10681b0c		38.849183,-77.300716	38.848783,-77.302916	38.839183,-77.290016	38.820483,-77.309316	38.846783,-77.326516	38.831183,-77.326416	38.848483,-77.298316	38.841983,-77.309516	38.839083,-77.312616	38.851083,-77.316016	38.847883,-77.294016	38.832583,-77.291016	38.847183,-77.292516	38.833683,-77.313816	38.850483,-77.321016	38.829783,-77.323316	38.849083,-77.294616	38.815283,-77.304116	38.825383,-77.312816	38.839083,-77.310916	38.849383,-77.306516	38.829183,-77.321216	38.816983,-77.314816	38.850283,-77.319516	38.836683,-77.298016	AVG: 38.838767, -77.308424	MAX DISTANCE FROM AVG: 0.0238758689894121	

R/544a8fe66cbcece4fce6156812ff7		38.8135271,-77.2911918	38.8314271,-77.3100918	38.8326271,-77.3199918	38.8244271,-77.3241918	38.8379271,-77.3200918	38.8276271,-77.3127918	38.8219271,-77.3105918	38.8392271,-77.3141918	38.8394271,-77.3052918	38.8477271,-77.3166918	38.8373271,-77.3102918	38.8174271,-77.3030918	38.8126271,-77.3227918	38.8288271,-77.2926918	38.8452271,-77.2895918	38.8175271,-77.3273918	38.8247271,-77.3030918	38.8226271,-77.2957918	38.8316271,-77.2942918	38.8315271,-77.3204918	38.8198271,-77.3253918	38.8392271,-77.2885918	38.8415271,-77.3251918	38.8157271,-77.3072918	38.8459271,-77.3158918	AVG: 38.8299031, -77.3098798	MAX DISTANCE FROM AVG: 0.0254249468042655	

R/544a8f6c19c8d5517b121ef628653		38.839605,-77.295814	38.827705,-77.299914	38.832005,-77.312814	38.824005,-77.315514	38.824405,-77.307114	38.824105,-77.330514	38.844605,-77.319614	38.818005,-77.304314	38.826505,-77.303514	38.839605,-77.294314	38.811305,-77.306714	38.834305,-77.293114	38.843305,-77.319814	38.827305,-77.315214	38.839205,-77.323414	38.836105,-77.317414	38.845305,-77.320614	38.836305,-77.315114	38.833305,-77.330414	38.824205,-77.300914	38.836005,-77.298914	38.840005,-77.328714	38.843705,-77.311114	38.822505,-77.298514	38.812305,-77.295714	AVG: 38.831429, -77.310366	MAX DISTANCE FROM AVG: 0.0240916682693388	

R/544a8edda6857e6e22f07d160e2be		38.8502073,-77.2947526	38.8319073,-77.2865526	38.8298073,-77.3008526	38.8484073,-77.2857526	38.8448073,-77.3013526	38.8522073,-77.2883526	38.8501073,-77.3007526	38.8391073,-77.2910526	38.8474073,-77.3185526	38.8319073,-77.3095526	38.8454073,-77.2904526	38.8298073,-77.3015526	38.8325073,-77.3154526	38.8286073,-77.2982526	38.8293073,-77.2981526	38.8322073,-77.2900526	38.8509073,-77.3156526	38.8408073,-77.2900526	38.8202073,-77.2998526	38.8402073,-77.3137526	38.8225073,-77.3141526	38.8453073,-77.2951526	38.8368073,-77.3029526	38.8245073,-77.2983526	38.8158073,-77.3080526	AVG: 38.8368313, -77.3003766	MAX DISTANCE FROM AVG: 0.0223814555380169	

R/544a8d48db817738fda4294191187		38.832977,-77.285822	38.833177,-77.307122	38.839377,-77.296422	38.852577,-77.311422	38.842377,-77.306422	38.852377,-77.290722	38.857177,-77.323522	38.836577,-77.293522	38.838477,-77.287122	38.834177,-77.289122	38.863277,-77.291722	38.863177,-77.308422	38.843777,-77.304022	38.834177,-77.315422	38.866377,-77.285222	38.843577,-77.302022	38.830377,-77.300122	38.849177,-77.312422	38.838377,-77.315322	38.850377,-77.298022	38.867377,-77.296822	38.865077,-77.321622	38.866977,-77.290522	38.830477,-77.292722	38.861477,-77.315622	AVG: 38.847733, -77.30165	MAX DISTANCE FROM AVG: 0.0264517507927206	

R/544a8d35342dfcc810d6fc5332b33		38.822782,-77.291619	38.836182,-77.292019	38.839582,-77.303519	38.822382,-77.290819	38.811082,-77.320319	38.840282,-77.285819	38.830782,-77.312019	38.833482,-77.300319	38.826882,-77.317019	38.835382,-77.292719	38.846882,-77.324419	38.836982,-77.320719	38.832382,-77.324719	38.846482,-77.314419	38.846382,-77.297319	38.829382,-77.292919	38.842682,-77.296019	38.824582,-77.302119	38.835482,-77.322219	38.847182,-77.307219	38.847082,-77.314819	38.815982,-77.314819	38.807282,-77.310219	38.842982,-77.324319	38.814182,-77.324919	AVG: 38.83259, -77.307895	MAX DISTANCE FROM AVG: 0.0254144809114702	

R/544a8d1f87dd1dd423911f3fe95f7		38.849998,-77.32223	38.844898,-77.29983	38.821798,-77.30413	38.815498,-77.28643	38.850498,-77.30613	38.841698,-77.31443	38.845998,-77.29733	38.838298,-77.30343	38.825898,-77.29613	38.817598,-77.29943	38.815798,-77.31053	38.828598,-77.30843	38.839598,-77.30693	38.847498,-77.29603	38.847998,-77.31023	38.837098,-77.29963	38.821098,-77.32473	38.834698,-77.28613	38.816598,-77.32543	38.829298,-77.30063	38.850198,-77.31913	38.847298,-77.32153	38.852998,-77.32263	38.826098,-77.31453	38.846298,-77.30183	AVG: 38.835734, -77.307114	MAX DISTANCE FROM AVG: 0.0289365435392688	

R/544a8d1118eaca1a9d6b23270078d		38.852377,-77.301222	38.861477,-77.291422	38.844877,-77.296722	38.831377,-77.307422	38.856877,-77.305522	38.835477,-77.298222	38.856677,-77.306622	38.858977,-77.298922	38.863677,-77.291622	38.850877,-77.313522	38.831077,-77.308422	38.835277,-77.287222	38.852577,-77.314722	38.856577,-77.319622	38.855677,-77.322022	38.850277,-77.319422	38.836977,-77.302822	38.855677,-77.308722	38.831177,-77.305222	38.843977,-77.308022	38.840177,-77.297922	38.835177,-77.298622	38.832477,-77.288522	38.857277,-77.308522	38.855977,-77.284022	AVG: 38.847321, -77.303402	MAX DISTANCE FROM AVG: 0.0212252381847741	

R/544a8cfebfc13c14c9b81b6631e0f		38.848687,-77.292334	38.845687,-77.304834	38.841087,-77.306134	38.818287,-77.305934	38.826987,-77.325634	38.838987,-77.304834	38.819887,-77.299734	38.820887,-77.312034	38.839087,-77.316034	38.824587,-77.300034	38.821587,-77.320034	38.822987,-77.318234	38.835587,-77.324534	38.847287,-77.324534	38.848287,-77.292534	38.817887,-77.320534	38.829887,-77.311434	38.814387,-77.317934	38.837287,-77.321734	38.836687,-77.309634	38.848787,-77.290434	38.833687,-77.318234	38.820487,-77.318234	38.831387,-77.318034	38.822487,-77.307934	AVG: 38.831715, -77.311262	MAX DISTANCE FROM AVG: 0.0269306288080903	

R/544a8ce7bdb12e1edff1fbd93c640		38.844797,-77.297725	38.842597,-77.293625	38.844597,-77.299725	38.835797,-77.286525	38.846697,-77.297725	38.826797,-77.296025	38.849697,-77.292225	38.846697,-77.308825	38.836497,-77.286325	38.835597,-77.317025	38.837297,-77.316225	38.849797,-77.309325	38.845497,-77.305325	38.817797,-77.314925	38.815697,-77.313225	38.813497,-77.320025	38.831897,-77.300425	38.826597,-77.322625	38.814597,-77.285525	38.851197,-77.299525	38.845297,-77.285725	38.829497,-77.321525	38.838197,-77.321725	38.844997,-77.304825	38.846297,-77.291925	AVG: 38.836717, -77.303545	MAX DISTANCE FROM AVG: 0.0285309446040573	

R/544a8caac5bc4f21566e1117b5d46		38.8281793,-77.3332145	38.8314793,-77.3058145	38.8325793,-77.3141145	38.8156793,-77.2952145	38.8331793,-77.3065145	38.8413793,-77.3254145	38.8435793,-77.3297145	38.8209793,-77.3046145	38.8201793,-77.3069145	38.8385793,-77.3285145	38.8124793,-77.3012145	38.8161793,-77.3237145	38.8382793,-77.3031145	38.8469793,-77.3137145	38.8410793,-77.3200145	38.8448793,-77.3296145	38.8261793,-77.3266145	38.8277793,-77.3241145	38.8206793,-77.2966145	38.8271793,-77.3179145	38.8453793,-77.3025145	38.8330793,-77.3241145	38.8439793,-77.3112145	38.8417793,-77.3289145	38.8362793,-77.3206145	AVG: 38.8323193, -77.3157625	MAX DISTANCE FROM AVG: 0.0264406865266226	

R/544a8b13e56563abf2d237f873f64		38.8182563,-77.307937	38.8187563,-77.290737	38.8105563,-77.301337	38.8112563,-77.292137	38.8449563,-77.292237	38.8152563,-77.284037	38.8368563,-77.306337	38.8331563,-77.289837	38.8150563,-77.292337	38.8182563,-77.310837	38.8135563,-77.285237	38.8128563,-77.303037	38.8231563,-77.296037	38.8430563,-77.321437	38.8209563,-77.300037	38.8391563,-77.301937	38.8280563,-77.303437	38.8394563,-77.308537	38.8142563,-77.306837	38.8303563,-77.313537	38.8177563,-77.305337	38.8356563,-77.321437	38.8250563,-77.315937	38.8218563,-77.298937	38.8261563,-77.303037	AVG: 38.8245483, -77.302101	MAX DISTANCE FROM AVG: 0.0267661532536844	

R/544a8af8dfc7c4efd6ace52908a33		38.8146506,-77.2906393	38.8177506,-77.3070393	38.8182506,-77.3115393	38.8532506,-77.3238393	38.8347506,-77.3133393	38.8305506,-77.3154393	38.8404506,-77.2895393	38.8251506,-77.3075393	38.8522506,-77.2879393	38.8414506,-77.2873393	38.8168506,-77.2959393	38.8435506,-77.3124393	38.8419506,-77.2917393	38.8325506,-77.2911393	38.8388506,-77.3009393	38.8401506,-77.3249393	38.8480506,-77.2868393	38.8512506,-77.3167393	38.8253506,-77.2912393	38.8321506,-77.3228393	38.8365506,-77.2863393	38.8355506,-77.3008393	38.8293506,-77.2940393	38.8237506,-77.3198393	38.8196506,-77.3205393	AVG: 38.8337626, -77.3036233	MAX DISTANCE FROM AVG: 0.0280796866079533	

R/544a8af52fe54c4b62825310eaac2		38.815655,-77.296635	38.825355,-77.316535	38.836955,-77.315935	38.821055,-77.312035	38.826655,-77.327635	38.830155,-77.300035	38.817755,-77.297035	38.843155,-77.318035	38.829855,-77.332035	38.818055,-77.311235	38.816855,-77.331735	38.847955,-77.296135	38.839355,-77.332435	38.819655,-77.296435	38.853155,-77.313535	38.829055,-77.330235	38.822155,-77.318135	38.846855,-77.324335	38.832755,-77.329235	38.849755,-77.322135	38.820855,-77.312235	38.823855,-77.329635	38.834855,-77.296835	38.846455,-77.318035	38.838055,-77.301035	AVG: 38.831451, -77.315171	MAX DISTANCE FROM AVG: 0.0251942714123697	

R/544a8ae68fbf086c41ffc4e8ece99		38.8364631,-77.307838	38.8139631,-77.296338	38.8112631,-77.307438	38.8193631,-77.290638	38.8132631,-77.300838	38.8447631,-77.306138	38.8108631,-77.288138	38.8264631,-77.306038	38.8164631,-77.290438	38.8250631,-77.299538	38.8382631,-77.314138	38.8417631,-77.299538	38.8416631,-77.312338	38.8204631,-77.299038	38.8096631,-77.299438	38.8260631,-77.289638	38.8337631,-77.292738	38.8416631,-77.289838	38.8166631,-77.320338	38.8363631,-77.292338	38.8371631,-77.282038	38.8430631,-77.302638	38.8197631,-77.306538	38.8487631,-77.309438	38.8097631,-77.296338	AVG: 38.8273111, -77.29999	MAX DISTANCE FROM AVG: 0.0234404139895174	

R/544a8ac8817c1d8062c4879fc2464		38.843455,-77.307835	38.837755,-77.330835	38.820255,-77.302935	38.844055,-77.313535	38.814255,-77.293335	38.836255,-77.317535	38.817255,-77.294035	38.846055,-77.325135	38.850455,-77.297835	38.843355,-77.317335	38.813755,-77.307335	38.822755,-77.319235	38.816055,-77.304735	38.829455,-77.299335	38.833255,-77.293335	38.841255,-77.297635	38.832055,-77.310735	38.837155,-77.296535	38.827455,-77.311335	38.841155,-77.318035	38.839355,-77.307035	38.838155,-77.321335	38.840455,-77.316735	38.830455,-77.294535	38.845255,-77.306935	AVG: 38.833647, -77.308207	MAX DISTANCE FROM AVG: 0.0244382087723311	

R/544a8a932432e56e2c6de71cb92ac		38.807513,-77.30344	38.816713,-77.33134	38.818513,-77.30744	38.816013,-77.33194	38.828813,-77.30814	38.823613,-77.33654	38.829513,-77.32114	38.840613,-77.31514	38.812913,-77.31054	38.840513,-77.30944	38.807913,-77.30934	38.825513,-77.32024	38.811213,-77.33164	38.843213,-77.30204	38.835613,-77.32194	38.843113,-77.30154	38.828713,-77.30354	38.822013,-77.30064	38.822913,-77.30124	38.812713,-77.32774	38.827413,-77.30114	38.832313,-77.32304	38.834813,-77.31854	38.827213,-77.31424	38.821713,-77.30934	AVG: 38.825245, -77.314452	MAX DISTANCE FROM AVG: 0.0221883836274741	

R/544a899f99feb3e470a84f6d1b445		38.833673,-77.292349	38.831973,-77.295049	38.849973,-77.288949	38.835173,-77.299449	38.819373,-77.286349	38.842473,-77.291749	38.828073,-77.305449	38.833573,-77.321049	38.829573,-77.300049	38.838773,-77.299449	38.815173,-77.320349	38.850573,-77.319849	38.845273,-77.325149	38.840673,-77.309149	38.849873,-77.304849	38.847873,-77.300449	38.818973,-77.305649	38.840373,-77.321349	38.827173,-77.323349	38.834273,-77.302549	38.840473,-77.316149	38.822773,-77.307349	38.830973,-77.301049	38.830973,-77.289849	38.849973,-77.305449	AVG: 38.835521, -77.305297	MAX DISTANCE FROM AVG: 0.0253101522713684	

R/544a88f59b8aea224612e8cac2020		38.852308,-77.275226	38.860508,-77.255126	38.831408,-77.279326	38.844208,-77.275626	38.836408,-77.254926	38.824608,-77.264526	38.851008,-77.281026	38.832208,-77.286526	38.837608,-77.282126	38.847908,-77.288526	38.835608,-77.258526	38.838208,-77.278726	38.840208,-77.281426	38.834408,-77.289826	38.846308,-77.280026	38.832608,-77.279126	38.827408,-77.289226	38.835908,-77.277926	38.860008,-77.271726	38.863008,-77.284726	38.851508,-77.256126	38.840008,-77.291126	38.862008,-77.291326	38.838908,-77.263626	38.846508,-77.293426	AVG: 38.842832, -77.277194	MAX DISTANCE FROM AVG: 0.0282743275782046	

R/544a85978299b210c787107dac6ed		38.82984,-77.30147	38.83544,-77.33327	38.82714,-77.31607	38.83184,-77.33007	38.82924,-77.30807	38.83694,-77.30977	38.81074,-77.31867	38.84504,-77.31797	38.83844,-77.31077	38.80794,-77.30477	38.84634,-77.32797	38.83574,-77.32547	38.81644,-77.30277	38.80954,-77.31827	38.81404,-77.31417	38.82654,-77.31057	38.83584,-77.32897	38.84564,-77.30177	38.83394,-77.32847	38.84074,-77.31347	38.82674,-77.30797	38.81454,-77.32177	38.81294,-77.29797	38.82884,-77.31747	38.84354,-77.31887	AVG: 38.82896, -77.315474	MAX DISTANCE FROM AVG: 0.0237282619675462	

R/544a8349403e28d5079fd66c6b8a1		38.826775,-77.2887952	38.825475,-77.3098952	38.812075,-77.3147952	38.840875,-77.3273952	38.826475,-77.3011952	38.832575,-77.3043952	38.823375,-77.2998952	38.847775,-77.3029952	38.818475,-77.3161952	38.810175,-77.2981952	38.837575,-77.2883952	38.840675,-77.3088952	38.842475,-77.2926952	38.822575,-77.3254952	38.822575,-77.3211952	38.846775,-77.3256952	38.838475,-77.3030952	38.837575,-77.3112952	38.840775,-77.3120952	38.845175,-77.2935952	38.834875,-77.3076952	38.815175,-77.3109952	38.845975,-77.3211952	38.831475,-77.3097952	38.818875,-77.3238952	AVG: 38.831403, -77.3087912	MAX DISTANCE FROM AVG: 0.0237255811309137	

R/544a82e46ea5a3285dc442d27c404		38.837655,-77.312568	38.845455,-77.318968	38.851255,-77.315368	38.849855,-77.292868	38.842455,-77.312368	38.835055,-77.314968	38.840055,-77.319868	38.812355,-77.303168	38.842955,-77.304768	38.833155,-77.321368	38.818355,-77.295868	38.824555,-77.320068	38.843255,-77.307268	38.838155,-77.319168	38.819255,-77.318768	38.827155,-77.305468	38.845755,-77.289568	38.826855,-77.316968	38.820055,-77.291868	38.850055,-77.314768	38.848055,-77.304268	38.834155,-77.286668	38.822555,-77.290368	38.829055,-77.291668	38.827055,-77.324068	AVG: 38.834583, -77.307724	MAX DISTANCE FROM AVG: 0.0226901106211564	

R/544a82bce765ca1ed229d138e2954		38.814061,-77.316657	38.815261,-77.299657	38.846261,-77.310557	38.851361,-77.285357	38.817761,-77.307257	38.846261,-77.295957	38.827861,-77.309857	38.818661,-77.295157	38.812661,-77.299957	38.827461,-77.322657	38.826161,-77.317057	38.847861,-77.306657	38.825461,-77.310757	38.843561,-77.311857	38.833761,-77.291657	38.839861,-77.289057	38.837361,-77.323957	38.827661,-77.324057	38.827561,-77.315257	38.830761,-77.312657	38.838261,-77.318357	38.832561,-77.297257	38.821261,-77.311557	38.840861,-77.320257	38.839461,-77.323657	AVG: 38.831601, -77.308685	MAX DISTANCE FROM AVG: 0.0305720981288376	

R/544a81d4d787106a349917575b10c		38.861132,-77.290008	38.864532,-77.291708	38.862732,-77.305408	38.834432,-77.323108	38.856932,-77.307908	38.861732,-77.307508	38.848332,-77.305008	38.832632,-77.313208	38.838332,-77.300908	38.839932,-77.300708	38.830532,-77.305008	38.827532,-77.322008	38.852932,-77.291608	38.836132,-77.301908	38.834032,-77.310708	38.850032,-77.295008	38.842332,-77.325508	38.849132,-77.310708	38.837632,-77.287908	38.852032,-77.325308	38.832632,-77.305708	38.849532,-77.326508	38.855932,-77.311008	38.834532,-77.320608	38.826632,-77.290708	AVG: 38.844492, -77.307028	MAX DISTANCE FROM AVG: 0.0252250668978329	

R/544a81b148dcd04fe9a9059476d1b		38.807714,-77.295501	38.812214,-77.294201	38.840214,-77.294101	38.825514,-77.291101	38.824014,-77.297701	38.816014,-77.312901	38.807114,-77.303401	38.809614,-77.322101	38.840814,-77.286401	38.834214,-77.285801	38.819714,-77.293501	38.831914,-77.284001	38.821514,-77.302901	38.820414,-77.307401	38.832614,-77.311501	38.807214,-77.297701	38.821514,-77.287001	38.814914,-77.285601	38.819914,-77.309101	38.834614,-77.298101	38.807914,-77.283401	38.841314,-77.282301	38.827014,-77.307301	38.818514,-77.321801	38.825314,-77.288301	AVG: 38.822474, -77.297725	MAX DISTANCE FROM AVG: 0.027560278953613	

R/544a7fa7d419c7cc8f4dc988be659		38.8347767,-77.3019543	38.8371767,-77.2941543	38.8172767,-77.3052543	38.8127767,-77.2967543	38.8168767,-77.3208543	38.8188767,-77.3206543	38.8251767,-77.2872543	38.8404767,-77.3073543	38.8352767,-77.3170543	38.8447767,-77.3052543	38.8413767,-77.3057543	38.8311767,-77.2898543	38.8254767,-77.3181543	38.8457767,-77.3106543	38.8385767,-77.3043543	38.8474767,-77.2858543	38.8366767,-77.2901543	38.8291767,-77.2952543	38.8490767,-77.2973543	38.8376767,-77.3162543	38.8309767,-77.2846543	38.8145767,-77.3036543	38.8298767,-77.3070543	38.8370767,-77.3176543	38.8397767,-77.3164543	AVG: 38.8327287, -77.3039863	MAX DISTANCE FROM AVG: 0.0233724822815301	

R/544a7ed1c4e6dcac7d11b2f18fd0c		38.842024,-77.292868	38.830524,-77.289968	38.822424,-77.318068	38.844324,-77.321768	38.826324,-77.324168	38.832424,-77.311668	38.837624,-77.323868	38.844024,-77.312368	38.837324,-77.295468	38.816224,-77.322968	38.835924,-77.290968	38.822824,-77.301768	38.824624,-77.297168	38.849624,-77.297168	38.839224,-77.286268	38.843424,-77.299268	38.816924,-77.321168	38.820924,-77.317368	38.824924,-77.322668	38.814624,-77.317968	38.844624,-77.297168	38.824224,-77.295668	38.852224,-77.290868	38.820024,-77.286868	38.821624,-77.319968	AVG: 38.83156, -77.30622	MAX DISTANCE FROM AVG: 0.0257426649747197	

R/544a7eb43f836cc573591629f7348		38.849439,-77.298819	38.834339,-77.307219	38.852839,-77.314819	38.830439,-77.298019	38.846339,-77.294319	38.854639,-77.292519	38.825739,-77.317419	38.822139,-77.326419	38.849939,-77.305919	38.843339,-77.297819	38.828339,-77.302619	38.826339,-77.289019	38.845139,-77.288919	38.827339,-77.313319	38.855039,-77.317419	38.831439,-77.312019	38.825639,-77.290519	38.815439,-77.323319	38.855139,-77.305219	38.829539,-77.308619	38.829339,-77.314419	38.834339,-77.295619	38.836339,-77.313919	38.842739,-77.311719	38.839939,-77.314119	AVG: 38.837251, -77.306163	MAX DISTANCE FROM AVG: 0.0277505257607884	

R/544a7e3651686b010f2bab086b5bb		38.838169,-77.290862	38.824569,-77.296162	38.832169,-77.306162	38.816069,-77.304362	38.824269,-77.323062	38.834669,-77.311262	38.848369,-77.312362	38.841869,-77.290662	38.838269,-77.316162	38.811369,-77.294462	38.834669,-77.310762	38.847569,-77.321662	38.832669,-77.311462	38.833369,-77.308862	38.834369,-77.287862	38.837569,-77.295362	38.813569,-77.308062	38.827669,-77.293662	38.847869,-77.308162	38.820969,-77.316662	38.838169,-77.305662	38.825069,-77.297762	38.836669,-77.324762	38.814969,-77.306862	38.821169,-77.317962	AVG: 38.831045, -77.306442	MAX DISTANCE FROM AVG: 0.0230361753770086	

R/544a7e1e71355d6729d81168f2934		38.834068,-77.306212	38.845868,-77.302112	38.838868,-77.297212	38.819468,-77.305212	38.847668,-77.303112	38.836868,-77.301412	38.815068,-77.281412	38.825168,-77.312412	38.831568,-77.286012	38.820468,-77.304312	38.835168,-77.307812	38.844268,-77.291412	38.848168,-77.306512	38.819768,-77.286912	38.838568,-77.296712	38.827368,-77.317112	38.820868,-77.293312	38.821968,-77.311512	38.835168,-77.316212	38.838768,-77.283312	38.842968,-77.305512	38.844268,-77.312712	38.818668,-77.284312	38.839768,-77.317112	38.814368,-77.309712	AVG: 38.832208, -77.301584	MAX DISTANCE FROM AVG: 0.0264705342598083	

R/544a7dd515d94b95bea88af47f9ef		38.820069,-77.312162	38.826169,-77.306162	38.845169,-77.290562	38.823669,-77.326262	38.834869,-77.287762	38.841469,-77.316562	38.818169,-77.317362	38.821969,-77.318462	38.812069,-77.307662	38.824769,-77.325962	38.833969,-77.300662	38.837669,-77.322762	38.834969,-77.325562	38.810769,-77.300362	38.831369,-77.317862	38.833769,-77.321062	38.817869,-77.296762	38.835169,-77.290562	38.830269,-77.327062	38.849769,-77.309762	38.830969,-77.307462	38.818369,-77.307262	38.827469,-77.290562	38.842569,-77.319562	38.844469,-77.290062	AVG: 38.829913, -77.30945	MAX DISTANCE FROM AVG: 0.0242796639186002	

R/544a7d8519e8eb98fb4868d9c0e7e		38.849786,-77.311305	38.830886,-77.295905	38.823686,-77.315305	38.845086,-77.299105	38.827386,-77.315205	38.844886,-77.313805	38.848286,-77.291105	38.826286,-77.316405	38.839886,-77.313805	38.842186,-77.313705	38.848686,-77.297005	38.813086,-77.315805	38.812586,-77.292705	38.837486,-77.284905	38.833686,-77.312005	38.849186,-77.302005	38.819786,-77.292205	38.815786,-77.321705	38.836286,-77.285605	38.822386,-77.316405	38.811186,-77.320505	38.829786,-77.288205	38.822786,-77.316705	38.812186,-77.309205	38.847186,-77.312705	AVG: 38.831618, -77.306133	MAX DISTANCE FROM AVG: 0.0249804124865828	

R/544a7cfac357769bef748e8362000		38.816462,-77.310199	38.834762,-77.330799	38.834162,-77.320099	38.813962,-77.313399	38.836262,-77.306799	38.819162,-77.306299	38.833762,-77.317299	38.838662,-77.293699	38.813862,-77.324299	38.836862,-77.312699	38.822062,-77.329899	38.829162,-77.330099	38.815062,-77.295799	38.829662,-77.315499	38.832462,-77.310199	38.809462,-77.296699	38.831862,-77.314799	38.840862,-77.297399	38.843862,-77.330199	38.834662,-77.296999	38.823462,-77.301899	38.841862,-77.300999	38.822962,-77.299899	38.838462,-77.310399	38.832762,-77.296599	AVG: 38.829062, -77.310519	MAX DISTANCE FROM AVG: 0.0246240207927095	

R/544a7c9a9108bb84a562abdbec2c7		38.8140851,-77.2897963	38.8267851,-77.3034963	38.8134851,-77.2930963	38.8192851,-77.3004963	38.8161851,-77.3260963	38.8121851,-77.3147963	38.8211851,-77.3138963	38.8204851,-77.2877963	38.8439851,-77.3071963	38.8446851,-77.3139963	38.8405851,-77.3008963	38.8221851,-77.2911963	38.8399851,-77.3033963	38.8237851,-77.2945963	38.8410851,-77.3198963	38.8153851,-77.3164963	38.8199851,-77.2992963	38.8147851,-77.3219963	38.8489851,-77.2947963	38.8389851,-77.3009963	38.8211851,-77.3236963	38.8222851,-77.3168963	38.8400851,-77.3136963	38.8187851,-77.3213963	38.8397851,-77.3193963	AVG: 38.8272091, -77.3075723	MAX DISTANCE FROM AVG: 0.0252471850312033	

R/544a7b66c0957a6d2bb079e568047		38.852876,-77.298957	38.852376,-77.320857	38.838976,-77.302257	38.849276,-77.291857	38.836576,-77.297457	38.827476,-77.293857	38.840076,-77.310957	38.817976,-77.317457	38.831976,-77.300557	38.837076,-77.290257	38.849976,-77.296157	38.829576,-77.325157	38.821076,-77.286457	38.832976,-77.309557	38.848176,-77.287857	38.822476,-77.301057	38.834276,-77.287157	38.822876,-77.322557	38.836376,-77.300057	38.816576,-77.303257	38.840176,-77.294957	38.846176,-77.306157	38.847076,-77.289857	38.824276,-77.295357	38.848376,-77.299757	AVG: 38.836204, -77.301193	MAX DISTANCE FROM AVG: 0.0254598994499222	

R/544a7b38d62511f4c90fb91320e93		38.843542,-77.308795	38.838042,-77.310595	38.825542,-77.297395	38.844242,-77.298395	38.840742,-77.285395	38.850242,-77.288295	38.842242,-77.325095	38.828942,-77.322695	38.816742,-77.297995	38.815942,-77.301195	38.845942,-77.300995	38.818042,-77.318295	38.828542,-77.324995	38.821942,-77.292795	38.840742,-77.317795	38.847742,-77.319195	38.846542,-77.315795	38.851142,-77.287995	38.851542,-77.311395	38.820242,-77.286595	38.843142,-77.313495	38.836242,-77.286995	38.823042,-77.295495	38.836042,-77.292695	38.836642,-77.321295	AVG: 38.83575, -77.304867	MAX DISTANCE FROM AVG: 0.0239658934321206	

R/544a7aa87d571cffc44887bd49984		38.835371,-77.305365	38.832371,-77.302965	38.846171,-77.309765	38.843971,-77.292365	38.824371,-77.303265	38.824871,-77.301165	38.812171,-77.304165	38.842671,-77.305065	38.846371,-77.286665	38.834671,-77.297365	38.838471,-77.282065	38.829171,-77.303765	38.843971,-77.314665	38.828071,-77.286365	38.814071,-77.286465	38.836371,-77.311565	38.832871,-77.294165	38.829371,-77.308465	38.810871,-77.314865	38.826171,-77.316165	38.820371,-77.295265	38.846071,-77.316165	38.811971,-77.300765	38.817971,-77.281365	38.839571,-77.282765	AVG: 38.830735, -77.300121	MAX DISTANCE FROM AVG: 0.0247379067829199	

R/544a7a191033a1b6409741d52b85d		38.842691,-77.2987011	38.834391,-77.3004011	38.851191,-77.2957011	38.832691,-77.2929011	38.826091,-77.3059011	38.820691,-77.3170011	38.818991,-77.3081011	38.838091,-77.2868011	38.821091,-77.2890011	38.841391,-77.3261011	38.827091,-77.3235011	38.825691,-77.3111011	38.831791,-77.3188011	38.851991,-77.3165011	38.827491,-77.3002011	38.839391,-77.3120011	38.818491,-77.3179011	38.818991,-77.2911011	38.820691,-77.3096011	38.822591,-77.2911011	38.846291,-77.2895011	38.850191,-77.3095011	38.838091,-77.3148011	38.839591,-77.2893011	38.818591,-77.3092011	AVG: 38.832171, -77.3049891	MAX DISTANCE FROM AVG: 0.0230374682636702	

R/544a79c7a61a2f8b568eda3658227		38.827062,-77.308562	38.806362,-77.313362	38.828862,-77.298462	38.831362,-77.305162	38.838562,-77.329262	38.811962,-77.329962	38.835062,-77.304862	38.808762,-77.301462	38.822362,-77.312762	38.829162,-77.331062	38.809862,-77.314662	38.838662,-77.319062	38.823662,-77.327562	38.810762,-77.324162	38.830962,-77.310662	38.808362,-77.322962	38.831062,-77.311462	38.816562,-77.304162	38.818962,-77.313862	38.820262,-77.297562	38.835462,-77.293362	38.835662,-77.312662	38.836762,-77.318362	38.807362,-77.298162	38.802662,-77.326962	AVG: 38.822662, -77.313222	MAX DISTANCE FROM AVG: 0.0242649459096741	

R/544a78ecb4a91646a8ef062178ce9		38.837504,-77.29977	38.834104,-77.31587	38.825004,-77.30557	38.850204,-77.31777	38.852404,-77.31207	38.841704,-77.30657	38.813004,-77.29237	38.826104,-77.31607	38.836304,-77.31137	38.839404,-77.31127	38.837704,-77.30487	38.833104,-77.30407	38.815804,-77.28927	38.847904,-77.30327	38.815204,-77.31107	38.819204,-77.31897	38.822804,-77.32207	38.824304,-77.30307	38.828704,-77.29567	38.849804,-77.31967	38.830904,-77.29117	38.830204,-77.29767	38.840404,-77.31087	38.816304,-77.30857	38.826204,-77.30657	AVG: 38.831772, -77.307022	MAX DISTANCE FROM AVG: 0.0238769874146547	

R/544a78397a7b7cca2cccf4f43d6d6		38.82096,-77.318271	38.81736,-77.319271	38.83246,-77.308171	38.82876,-77.327471	38.83806,-77.321271	38.82216,-77.289771	38.81676,-77.312171	38.84146,-77.323871	38.82586,-77.318971	38.84826,-77.306271	38.81686,-77.311471	38.82196,-77.326171	38.83456,-77.309171	38.83346,-77.296871	38.84286,-77.296671	38.84446,-77.323871	38.82646,-77.290971	38.83526,-77.296871	38.84216,-77.312771	38.82926,-77.302971	38.84826,-77.288471	38.83006,-77.305571	38.83946,-77.320171	38.84516,-77.296971	38.84986,-77.324471	AVG: 38.833288, -77.309959	MAX DISTANCE FROM AVG: 0.0261895957968245	

R/544a78277098aa99d2412e7fdb979		38.820013,-77.286787	38.851713,-77.301887	38.850913,-77.294887	38.847313,-77.316787	38.828913,-77.325387	38.834513,-77.295187	38.842113,-77.295287	38.838313,-77.304287	38.833313,-77.286587	38.845313,-77.325387	38.851213,-77.296987	38.827813,-77.304887	38.814213,-77.290587	38.847913,-77.306687	38.846313,-77.307787	38.816913,-77.301987	38.849513,-77.306287	38.823413,-77.293487	38.828613,-77.322787	38.825813,-77.305887	38.845913,-77.296987	38.820413,-77.295387	38.843913,-77.298187	38.835613,-77.324687	38.838713,-77.318387	AVG: 38.836349, -77.304139	MAX DISTANCE FROM AVG: 0.0259549455788284	

R/544a7808caaf7227c0b24d456cfd6		38.823292,-77.320904	38.825192,-77.304304	38.848292,-77.286504	38.825292,-77.312504	38.829092,-77.315104	38.832992,-77.301104	38.838492,-77.282304	38.838292,-77.289804	38.860092,-77.307004	38.845192,-77.301604	38.831892,-77.310804	38.846592,-77.296004	38.828092,-77.290804	38.840392,-77.315104	38.851392,-77.288904	38.851392,-77.301804	38.822192,-77.315104	38.860292,-77.311404	38.838992,-77.306504	38.853492,-77.294804	38.848792,-77.315104	38.833092,-77.295404	38.823292,-77.310004	38.850592,-77.312004	38.829992,-77.311604	AVG: 38.839068, -77.30386	MAX DISTANCE FROM AVG: 0.0232245583811633	

R/544a77d7eeb0ea6aa0b46265a9a2a		38.841564,-77.296531	38.818064,-77.308231	38.817364,-77.317631	38.852464,-77.316731	38.847464,-77.304631	38.839464,-77.290431	38.814364,-77.311331	38.836464,-77.318031	38.834564,-77.299831	38.844064,-77.301431	38.827464,-77.291431	38.833264,-77.303931	38.847564,-77.297231	38.847264,-77.324331	38.842064,-77.312331	38.813164,-77.309131	38.830364,-77.322231	38.850464,-77.310231	38.839264,-77.311231	38.852664,-77.323631	38.815764,-77.311231	38.836064,-77.299831	38.814964,-77.298031	38.830764,-77.292531	38.834664,-77.306931	AVG: 38.834464, -77.307163	MAX DISTANCE FROM AVG: 0.0245445518190925	

R/544a77d05988b50c47284fc4d5ec5		38.84816,-77.313971	38.81926,-77.325671	38.82706,-77.293271	38.84296,-77.317671	38.82166,-77.294471	38.84756,-77.313171	38.82506,-77.319971	38.83936,-77.287771	38.83666,-77.323371	38.82376,-77.324971	38.83836,-77.326871	38.84226,-77.312071	38.81746,-77.293871	38.83586,-77.322571	38.84296,-77.308871	38.82266,-77.308971	38.83666,-77.298271	38.81476,-77.317171	38.84516,-77.315171	38.84836,-77.298071	38.83906,-77.290771	38.82666,-77.309271	38.82506,-77.315871	38.84106,-77.318971	38.83026,-77.300371	AVG: 38.833524, -77.310059	MAX DISTANCE FROM AVG: 0.0230393975615463	

R/544a778349d8888b62652e2957b6a		38.819387,-77.320173	38.851887,-77.302773	38.847487,-77.316173	38.840387,-77.321673	38.814387,-77.291673	38.830387,-77.299373	38.829387,-77.305073	38.831787,-77.327073	38.836387,-77.299473	38.816387,-77.299773	38.822987,-77.316073	38.826787,-77.308473	38.818487,-77.295773	38.851087,-77.301573	38.853187,-77.313973	38.835987,-77.291873	38.846687,-77.293673	38.840487,-77.298273	38.834787,-77.312873	38.815187,-77.290173	38.845487,-77.318273	38.849787,-77.303273	38.839787,-77.295673	38.852687,-77.304673	38.845587,-77.313673	AVG: 38.835875, -77.305661	MAX DISTANCE FROM AVG: 0.0258432097077884	

R/544a7761b5e54afa55f2a9131628c		38.837261,-77.32244	38.831661,-77.30884	38.839561,-77.32054	38.819561,-77.30624	38.841161,-77.30974	38.833761,-77.31634	38.826161,-77.31394	38.817161,-77.29344	38.832361,-77.31544	38.812461,-77.29294	38.835861,-77.31994	38.828661,-77.31174	38.844061,-77.32054	38.840561,-77.30314	38.836661,-77.30484	38.833361,-77.30654	38.828361,-77.32514	38.815561,-77.29524	38.821261,-77.32054	38.815461,-77.31404	38.825161,-77.29484	38.846961,-77.31214	38.816961,-77.28904	38.824961,-77.32674	38.832861,-77.29894	AVG: 38.829513, -77.309732	MAX DISTANCE FROM AVG: 0.0242014786325103	

R/544a7711dd64e0ea2b87e1ff7bb1f		38.831638,-77.28993	38.824238,-77.31743	38.831638,-77.31013	38.842238,-77.31013	38.816038,-77.30633	38.849838,-77.29083	38.826838,-77.32393	38.819638,-77.28793	38.849738,-77.29743	38.849638,-77.29433	38.849938,-77.32583	38.838838,-77.32593	38.834538,-77.32473	38.836538,-77.31363	38.837138,-77.31463	38.829038,-77.30093	38.837138,-77.32363	38.843038,-77.32733	38.824538,-77.31863	38.816438,-77.29353	38.824238,-77.29503	38.831538,-77.29493	38.850638,-77.30383	38.849238,-77.32043	38.836738,-77.31823	AVG: 38.835242, -77.309186	MAX DISTANCE FROM AVG: 0.0263685864619332	

R/544a7667b315aa1d1a7bddff5e187		38.831383,-77.298567	38.824283,-77.293267	38.823283,-77.299267	38.844283,-77.282867	38.807283,-77.312067	38.841283,-77.282267	38.832683,-77.296367	38.836683,-77.304167	38.824283,-77.290667	38.818183,-77.290067	38.814183,-77.293967	38.822183,-77.283267	38.807583,-77.309867	38.845383,-77.284067	38.808883,-77.306267	38.820683,-77.299967	38.823983,-77.287267	38.831183,-77.286467	38.813183,-77.310867	38.812883,-77.288967	38.827083,-77.298967	38.810683,-77.290567	38.834983,-77.293667	38.826883,-77.316467	38.828383,-77.307967	AVG: 38.824471, -77.296327	MAX DISTANCE FROM AVG: 0.0242408610408008	

R/544a760210bff871ff22837446970		38.853634,-77.301845	38.852434,-77.309345	38.830134,-77.323745	38.822634,-77.292445	38.841034,-77.302145	38.827634,-77.317245	38.835534,-77.313345	38.857534,-77.291245	38.828634,-77.289745	38.824934,-77.290645	38.846734,-77.321945	38.856234,-77.294245	38.845334,-77.317345	38.825134,-77.307645	38.838834,-77.288845	38.856034,-77.302745	38.850434,-77.287745	38.824134,-77.291945	38.819834,-77.296445	38.838734,-77.316445	38.854634,-77.318745	38.821534,-77.289045	38.855934,-77.304045	38.831634,-77.294845	38.835834,-77.309345	AVG: 38.839006, -77.302925	MAX DISTANCE FROM AVG: 0.0226314998177339	

R/544a75fc43b34677d3dededf3d7b6		38.816579,-77.296574	38.840079,-77.303174	38.812579,-77.297974	38.839379,-77.286674	38.844579,-77.311974	38.837979,-77.315774	38.806679,-77.315874	38.832579,-77.307174	38.822779,-77.308174	38.833679,-77.312774	38.823979,-77.301074	38.845779,-77.319474	38.817679,-77.319874	38.820379,-77.306574	38.819979,-77.314174	38.812979,-77.289974	38.839579,-77.296774	38.845079,-77.318374	38.843179,-77.282274	38.821879,-77.294674	38.820179,-77.295874	38.817379,-77.295874	38.830479,-77.314774	38.842379,-77.285974	38.806379,-77.321274	AVG: 38.827767, -77.304526	MAX DISTANCE FROM AVG: 0.0271650887721866	

R/544a75b79f9111b43330764c06248		38.814138,-77.29073	38.844838,-77.31033	38.843638,-77.32393	38.833838,-77.29943	38.837138,-77.31373	38.819138,-77.31993	38.826438,-77.32383	38.850838,-77.30753	38.837038,-77.31363	38.832838,-77.31443	38.841838,-77.32023	38.852338,-77.30783	38.822538,-77.32113	38.824238,-77.29413	38.818038,-77.30863	38.842838,-77.29323	38.821138,-77.31023	38.844838,-77.30823	38.816938,-77.28853	38.821638,-77.29453	38.832638,-77.30213	38.848638,-77.31923	38.825238,-77.30013	38.837238,-77.32243	38.834138,-77.29673	AVG: 38.832966, -77.308194	MAX DISTANCE FROM AVG: 0.0256804376909962	

R/544a75854ddc68b1a28a290e48a41		38.819334,-77.296245	38.855334,-77.313845	38.853734,-77.298245	38.842234,-77.326645	38.846134,-77.289745	38.844534,-77.313145	38.841334,-77.307545	38.849234,-77.304245	38.826534,-77.294845	38.851334,-77.318845	38.838134,-77.324145	38.838134,-77.315145	38.826934,-77.298745	38.828434,-77.316945	38.820734,-77.307545	38.819734,-77.310945	38.830434,-77.313345	38.834534,-77.289245	38.824134,-77.315345	38.850534,-77.308845	38.830134,-77.314245	38.849334,-77.294245	38.845834,-77.289745	38.853934,-77.316345	38.857334,-77.300245	AVG: 38.839122, -77.307137	MAX DISTANCE FROM AVG: 0.0225876206803616	

R/544a75375d3103eb7a0473e9a1428		38.825046,-77.28651	38.803746,-77.31141	38.834846,-77.29041	38.822146,-77.29941	38.834846,-77.28831	38.817646,-77.27651	38.822646,-77.29671	38.820146,-77.27491	38.811846,-77.28411	38.813946,-77.29261	38.810746,-77.28491	38.835546,-77.29621	38.814646,-77.28241	38.803846,-77.29381	38.805546,-77.28131	38.809146,-77.30481	38.826346,-77.31161	38.815046,-77.28181	38.816246,-77.28981	38.828746,-77.30221	38.822846,-77.30741	38.825746,-77.28811	38.839546,-77.29041	38.802746,-77.31171	38.808446,-77.27301	AVG: 38.818882, -77.292018	MAX DISTANCE FROM AVG: 0.0254586991026866	

R/544a7535b2a2b6937cc790adbbadd		38.822616,-77.319109	38.840316,-77.303709	38.830816,-77.321809	38.835816,-77.309209	38.808416,-77.294409	38.824416,-77.322209	38.815016,-77.305809	38.821716,-77.295209	38.819816,-77.293409	38.817716,-77.328209	38.828816,-77.293109	38.833416,-77.312909	38.841216,-77.311009	38.826516,-77.289809	38.809316,-77.320809	38.833716,-77.313109	38.842716,-77.292409	38.834116,-77.302109	38.838316,-77.296609	38.821016,-77.303009	38.819916,-77.327909	38.820616,-77.325609	38.819316,-77.301609	38.813016,-77.322409	38.840416,-77.306809	AVG: 38.826364, -77.308493	MAX DISTANCE FROM AVG: 0.0229364984249925	

R/544a750d53af9868519d6702f59b5		38.824979,-77.300579	38.824079,-77.286479	38.815179,-77.320979	38.834079,-77.319579	38.850979,-77.297679	38.828179,-77.297479	38.822079,-77.312379	38.820179,-77.320979	38.815779,-77.298379	38.847479,-77.318179	38.821379,-77.298479	38.850979,-77.288679	38.839579,-77.308379	38.814179,-77.324179	38.818879,-77.291979	38.827579,-77.306079	38.817579,-77.314979	38.826379,-77.314779	38.825779,-77.303779	38.829379,-77.293779	38.852779,-77.316079	38.825479,-77.293379	38.849979,-77.325479	38.830979,-77.325979	38.831579,-77.293979	AVG: 38.829819, -77.306907	MAX DISTANCE FROM AVG: 0.0279285800570018	

R/544a74edd6d323cd16adc93574553		38.837034,-77.307745	38.851534,-77.317045	38.844534,-77.326645	38.837734,-77.311345	38.818734,-77.312945	38.822434,-77.290045	38.856534,-77.288445	38.855334,-77.294245	38.822034,-77.303645	38.839934,-77.299945	38.829834,-77.320145	38.835434,-77.313945	38.854334,-77.298845	38.847734,-77.290645	38.857034,-77.287545	38.837434,-77.308245	38.851034,-77.325645	38.835434,-77.302945	38.824934,-77.298245	38.828334,-77.297445	38.858134,-77.294145	38.843234,-77.306745	38.852634,-77.298845	38.855034,-77.326245	38.843134,-77.322445	AVG: 38.841582, -77.305765	MAX DISTANCE FROM AVG: 0.0247742669719945	

R/544a74da8f3c78bef55f926950725		38.834096,-77.301233	38.833096,-77.284933	38.845596,-77.308833	38.825096,-77.298533	38.838396,-77.313833	38.828696,-77.306233	38.813796,-77.306733	38.836196,-77.308133	38.836396,-77.319533	38.817896,-77.316533	38.825996,-77.299833	38.827796,-77.319733	38.822396,-77.319333	38.830596,-77.313633	38.821696,-77.293233	38.813396,-77.312833	38.840296,-77.288333	38.813196,-77.306033	38.834896,-77.297633	38.821696,-77.319833	38.848396,-77.294833	38.832596,-77.285233	38.837896,-77.285733	38.810796,-77.296033	38.849196,-77.288533	AVG: 38.829604, -77.303413	MAX DISTANCE FROM AVG: 0.0246020499958956	

R/544a745f4089c32f911b500e7be3d		38.833416,-77.312787	38.840816,-77.297087	38.848916,-77.325487	38.838216,-77.310787	38.834116,-77.302487	38.830916,-77.320187	38.851216,-77.320087	38.838016,-77.315687	38.851516,-77.317387	38.820416,-77.286287	38.831216,-77.294787	38.852116,-77.287287	38.832316,-77.318387	38.816316,-77.310487	38.845616,-77.324687	38.852116,-77.321787	38.821416,-77.317787	38.847816,-77.324787	38.817216,-77.314187	38.829716,-77.313987	38.852916,-77.324187	38.819816,-77.319787	38.813116,-77.295387	38.823916,-77.306687	38.828016,-77.304487	AVG: 38.834848, -77.311479	MAX DISTANCE FROM AVG: 0.0297226628685885	

R/544a73d7a2598e50ca7dd97c5821f		38.813424,-77.297568	38.818124,-77.278968	38.824924,-77.303268	38.836024,-77.297968	38.832824,-77.283368	38.814524,-77.300768	38.833224,-77.302968	38.825224,-77.301868	38.831924,-77.290968	38.833324,-77.294868	38.820024,-77.309668	38.827624,-77.284868	38.834824,-77.289268	38.813324,-77.286868	38.805624,-77.290668	38.829324,-77.304468	38.840724,-77.280968	38.835124,-77.276468	38.842524,-77.276668	38.807924,-77.301168	38.805224,-77.287168	38.826124,-77.292668	38.827424,-77.300968	38.822724,-77.314168	38.815824,-77.280868	AVG: 38.824716, -77.29318	MAX DISTANCE FROM AVG: 0.0242852014198004	

R/544a73cfa5e3481f6b9369c8047a0		38.849715,-77.277356	38.853615,-77.280356	38.857715,-77.277956	38.848015,-77.273956	38.839415,-77.262956	38.843115,-77.265256	38.836315,-77.287656	38.832915,-77.253256	38.835615,-77.282056	38.825015,-77.260456	38.854715,-77.267256	38.837015,-77.255856	38.824015,-77.256856	38.843415,-77.285956	38.842815,-77.291556	38.845615,-77.284956	38.860315,-77.262856	38.834415,-77.274656	38.847115,-77.273056	38.824315,-77.287156	38.861415,-77.259456	38.847315,-77.274456	38.825015,-77.283056	38.850815,-77.274856	38.831415,-77.288856	AVG: 38.842047, -77.273684	MAX DISTANCE FROM AVG: 0.0246644401517566	

R/544a73adcde36ef7e16b036269709		38.8361793,-77.3126511	38.8319793,-77.3144511	38.8344793,-77.3024511	38.8341793,-77.2920511	38.8387793,-77.3191511	38.8136793,-77.3228511	38.8458793,-77.2971511	38.8249793,-77.3095511	38.8232793,-77.2915511	38.8190793,-77.3220511	38.8280793,-77.3090511	AVG: 38.8300520272727, -77.3084511	MAX DISTANCE FROM AVG: 0.021804270186069	

R/544a72ee1b9e54002853753583977		38.847172,-77.320656	38.857772,-77.292156	38.848472,-77.322456	38.826772,-77.312056	AVG: 38.845047, -77.311831	MAX DISTANCE FROM AVG: 0.0234314158769717	

R/544a72a98b1d053bf3e7d9070aefa		38.823144,-77.321253	38.834044,-77.317753	38.813244,-77.287853	AVG: 38.8234773333333, -77.308953	MAX DISTANCE FROM AVG: 0.0234506100370685	

Y/605bdd205732cd448ecc139e18ef2f70	38.832194,-77.308037	38.832194,-77.308037	38.832194,-77.308037	38.832194,-77.308037	38.832194,-77.308037	38.832194,-77.308037	38.832194,-77.308037	38.832194,-77.308037	38.832194,-77.308037	38.832194,-77.308037	38.832194,-77.308037	38.832194,-77.308037	38.832194,-77.308037	38.832194,-77.308037	38.832194,-77.308037	38.832194,-77.308037	38.832194,-77.308037	38.832194,-77.308037	38.832194,-77.308037	38.832194,-77.308037	38.832194,-77.308037	38.832194,-77.308037	38.832194,-77.308037	38.832194,-77.308037	38.832194,-77.308037	AVG: 38.832194, -77.308037	MAX DISTANCE FROM AVG: 1.4210854715202E-14	

R/544a9b4edc2837f222059e4a0fe28		38.8257521,-77.3210489	38.8515521,-77.2959489	38.8293521,-77.2996489	38.8482521,-77.2860489	38.8444521,-77.3252489	38.8145521,-77.3205489	38.8258521,-77.3187489	38.8210521,-77.2952489	38.8213521,-77.2911489	38.8510521,-77.3049489	38.8394521,-77.3226489	38.8132521,-77.3060489	38.8373521,-77.2920489	38.8500521,-77.2928489	38.8304521,-77.3077489	38.8506521,-77.3015489	38.8172521,-77.3158489	38.8480521,-77.2907489	38.8376521,-77.2882489	38.8178521,-77.3238489	38.8175521,-77.2953489	38.8389521,-77.3241489	AVG: 38.8332611909091, -77.3054398090909	MAX DISTANCE FROM AVG: 0.024509890059798	

R/544a9b50a0b17af8b79bcbff41787		38.83245,-77.269859	38.82575,-77.278459	38.82825,-77.284959	38.84005,-77.267159	38.85495,-77.263059	38.82765,-77.291559	38.85705,-77.285859	38.84515,-77.269359	38.83555,-77.261159	38.85645,-77.256659	38.86245,-77.253959	38.84465,-77.254959	38.85575,-77.262459	38.86265,-77.273159	38.85225,-77.290159	38.84325,-77.276159	38.85225,-77.288759	38.84295,-77.288559	38.85745,-77.276859	38.84395,-77.267859	38.82785,-77.271259	AVG: 38.8451785714286, -77.2729637619048	MAX DISTANCE FROM AVG: 0.0256804053697673	

R/544a9b5743beedc58dd16db5b0160		38.8200968,-77.3056241	38.8247968,-77.3080241	38.8205968,-77.2883241	38.8355968,-77.3159241	38.8441968,-77.2886241	38.8134968,-77.2887241	38.8316968,-77.3211241	38.8133968,-77.3024241	38.8105968,-77.2879241	38.8197968,-77.3002241	38.8431968,-77.2822241	38.8410968,-77.3110241	38.8172968,-77.2853241	38.8171968,-77.3150241	AVG: 38.8252182285714, -77.3000383857143	MAX DISTANCE FROM AVG: 0.0253096386011983	

