R/544a97f7d60d3911d463f0d63d536	38.84077,-77.28376	38.81077,-77.29106	38.82097,-77.31396	38.81677,-77.28686	38.84647,-77.30156	38.84727,-77.31606	38.81497,-77.29946	38.83567,-77.31076	38.80957,-77.28966	38.82117,-77.30746	38.82417,-77.29826	38.83747,-77.28986	38.82587,-77.29956	38.81147,-77.32006	38.81037,-77.29046	38.84537,-77.30596	38.83227,-77.29996	38.82757,-77.30156	38.81717,-77.31136	38.81997,-77.30286	38.82297,-77.30366	38.82587,-77.31036	38.83207,-77.30246	38.83917,-77.31496	38.83507,-77.29666	AVG: 38.82685, -77.301944

R/544a97cda6265cb695e3846c163d2	38.831105,-77.310273	38.846005,-77.283573	38.854705,-77.286073	38.859405,-77.292873	38.843605,-77.306573	38.844305,-77.293473	38.837205,-77.317673	38.838905,-77.316673	38.833405,-77.322573	38.865305,-77.291173	38.846005,-77.290573	38.840605,-77.296673	38.851905,-77.284273	38.865205,-77.316873	38.866405,-77.319173	38.842305,-77.316873	38.865305,-77.302673	38.869705,-77.314373	38.866505,-77.304873	38.842805,-77.322773	38.833505,-77.296773	38.855205,-77.291273	38.838705,-77.307073	38.836605,-77.308573	38.854705,-77.301273	AVG: 38.849177, -77.303801

R/544a97722d0f3ed76ad37bb3d0791	38.809185,-77.313475	38.817385,-77.310475	38.831485,-77.296075	38.818085,-77.297675	38.825285,-77.308975	38.833885,-77.293475	38.814285,-77.288875	38.816585,-77.297675	38.837485,-77.285675	38.838685,-77.288275	38.844385,-77.312975	38.815485,-77.315075	38.817785,-77.299575	38.832085,-77.311375	38.846285,-77.284675	38.820285,-77.296475	38.814385,-77.294975	38.838385,-77.313975	38.845285,-77.292775	38.839685,-77.299775	38.831685,-77.299275	38.811685,-77.281875	38.840485,-77.320175	38.825285,-77.292575	38.811685,-77.286375	AVG: 38.827089, -77.299303

R/544a97482ed0866855664a099138c	38.8282062,-77.3212268	38.8408062,-77.3011268	38.8162062,-77.3099268	38.8113062,-77.3200268	38.8430062,-77.2994268	38.8462062,-77.3239268	38.8163062,-77.3093268	38.8277062,-77.2951268	38.8188062,-77.3239268	38.8302062,-77.3064268	38.8246062,-77.2947268	38.8380062,-77.3144268	38.8254062,-77.3069268	38.8421062,-77.3221268	38.8137062,-77.2985268	38.8402062,-77.3184268	38.8217062,-77.2942268	38.8451062,-77.3103268	38.8462062,-77.3004268	38.8437062,-77.3050268	38.8389062,-77.3122268	38.8110062,-77.3033268	38.8346062,-77.3225268	38.8456062,-77.3101268	38.8374062,-77.2970268	AVG: 38.8314822, -77.3088348

R/544a9720c493b815983e176874f51	38.831378,-77.301212	38.822278,-77.313812	38.828178,-77.314412	38.826178,-77.293512	38.812778,-77.288012	38.832178,-77.296212	38.823978,-77.319912	38.846778,-77.304612	38.812678,-77.307512	38.841978,-77.301712	38.830078,-77.289412	38.819778,-77.322612	38.843778,-77.299312	38.844578,-77.295012	38.818878,-77.308312	38.817078,-77.295012	38.813578,-77.321612	38.819178,-77.297512	38.850978,-77.315312	38.823478,-77.324312	38.812278,-77.324012	38.832678,-77.312912	38.819478,-77.321312	38.833078,-77.292112	38.837678,-77.304912	AVG: 38.827798, -77.306584

R/544a96f6c7607e2cb17ab714e1a8b	38.834847,-77.300983	38.844347,-77.310683	38.815947,-77.309383	38.816347,-77.304883	38.811247,-77.301883	38.833747,-77.290283	38.839647,-77.285283	38.823447,-77.289483	38.826247,-77.321683	38.834047,-77.296383	38.823547,-77.295583	38.814047,-77.305883	38.810247,-77.298983	38.820647,-77.314883	38.837747,-77.284983	38.827347,-77.302283	38.829347,-77.300683	38.830147,-77.309183	38.840547,-77.288083	38.845047,-77.293483	38.830347,-77.297183	38.830847,-77.284683	38.822447,-77.306583	38.840947,-77.305383	38.841547,-77.313883	AVG: 38.828987, -77.300507

R/544a96c745c5a4b78569b83dc3f7f	38.83865,-77.293842	38.83115,-77.294342	38.83385,-77.308142	38.83965,-77.305642	38.84215,-77.300042	38.84745,-77.298942	38.81325,-77.302342	38.82185,-77.303542	38.83965,-77.296142	38.83345,-77.318542	38.83905,-77.319542	38.84205,-77.307542	38.82855,-77.296342	38.81485,-77.290242	38.82215,-77.299042	38.83835,-77.285142	38.83615,-77.291142	38.84275,-77.308742	38.83935,-77.320142	38.83515,-77.302742	38.81425,-77.296542	38.81265,-77.310742	38.81355,-77.289842	38.81265,-77.289242	38.83275,-77.308842	AVG: 38.830614, -77.301494

R/544a969c1059ea442df6cacea768e	38.8354964,-77.3105345	38.8364964,-77.3046345	38.8361964,-77.3000345	38.8306964,-77.2955345	38.8256964,-77.3002345	38.8454964,-77.3218345	38.8170964,-77.2926345	38.8362964,-77.3025345	38.8381964,-77.2919345	38.8462964,-77.3134345	38.8346964,-77.2877345	38.8315964,-77.3100345	38.8476964,-77.3187345	38.8371964,-77.3019345	38.8400964,-77.3227345	38.8181964,-77.3022345	38.8295964,-77.3216345	38.8423964,-77.3097345	38.8341964,-77.3031345	38.8261964,-77.2872345	38.8159964,-77.3159345	38.8380964,-77.3127345	38.8313964,-77.3058345	38.8139964,-77.3220345	38.8255964,-77.3089345	AVG: 38.8325964, -77.3065585

R/544a9697dce6162705f69948632e3	38.83822,-77.321165	38.84632,-77.314065	38.82842,-77.327065	38.84932,-77.315165	38.83042,-77.315965	38.83982,-77.319065	38.83482,-77.290765	38.83022,-77.294865	38.85042,-77.290665	38.84252,-77.327265	38.84092,-77.294465	38.83652,-77.315165	38.83392,-77.309265	38.82872,-77.290565	38.81872,-77.294765	38.81482,-77.312165	38.83602,-77.324365	38.83752,-77.323165	38.82342,-77.314165	38.84452,-77.302665	38.83732,-77.320965	38.81372,-77.310865	38.84842,-77.304665	38.82652,-77.301365	38.82882,-77.324965	AVG: 38.834416, -77.310385

R/544a967403762563f4239f22b36d4	38.824923,-77.285137	38.814023,-77.299737	38.812523,-77.279137	38.806623,-77.287137	38.824923,-77.290137	38.838423,-77.280337	38.829023,-77.293937	38.809423,-77.278037	38.835023,-77.314737	38.825923,-77.303737	38.821823,-77.297037	38.819323,-77.300237	38.811623,-77.310637	38.830623,-77.275237	38.812023,-77.295837	38.802823,-77.282237	38.814723,-77.300937	38.839123,-77.275737	38.813923,-77.307037	38.814723,-77.312637	38.837223,-77.284737	38.816123,-77.281837	38.811923,-77.308937	38.826523,-77.309437	38.824623,-77.313437	AVG: 38.820719, -77.294721

R/544a964067f3e4e999f2b00d29c60	38.838357,-77.288908	38.820557,-77.318608	38.849957,-77.316908	38.847257,-77.290308	38.851357,-77.294008	38.832357,-77.303808	38.843457,-77.321708	38.831657,-77.318208	38.825257,-77.323208	38.819857,-77.313908	38.851957,-77.308908	38.827957,-77.317408	38.814457,-77.319508	38.813157,-77.318308	38.844157,-77.320508	38.813957,-77.318508	38.812357,-77.302908	38.843457,-77.288508	38.833057,-77.288808	38.828957,-77.323708	38.836657,-77.285708	38.837857,-77.302508	38.832857,-77.286508	38.840957,-77.323008	38.848957,-77.298508	AVG: 38.833633, -77.307716

R/544a9613596f0046c7e6c430c9619	38.8340891,-77.2755686	38.8489891,-77.2851686	38.8565891,-77.2829686	38.8379891,-77.2923686	38.8335891,-77.2787686	38.8615891,-77.2731686	38.8452891,-77.2762686	38.8473891,-77.2868686	38.8372891,-77.2792686	38.8433891,-77.3005686	38.8424891,-77.2982686	38.8496891,-77.2814686	38.8418891,-77.2972686	38.8336891,-77.2719686	38.8440891,-77.2913686	38.8456891,-77.2653686	38.8331891,-77.2722686	38.8561891,-77.2730686	38.8428891,-77.2760686	38.8266891,-77.2785686	38.8545891,-77.2841686	38.8562891,-77.2698686	38.8389891,-77.2752686	38.8591891,-77.2729686	38.8400891,-77.2797686	AVG: 38.8444731, -77.2807486

R/544a95539fece1fd987b681d6c08d	38.801749,-77.304534	38.810549,-77.287634	38.786149,-77.301334	38.812449,-77.297534	38.801249,-77.323234	38.781449,-77.296234	38.817749,-77.319534	38.793849,-77.292234	38.793249,-77.318134	38.808949,-77.317634	38.782249,-77.326334	38.795049,-77.315034	38.789449,-77.297234	38.815949,-77.287734	38.810649,-77.295234	38.815549,-77.326434	38.792349,-77.289034	38.818349,-77.291334	38.807049,-77.292834	38.795549,-77.310034	38.817149,-77.310734	38.810149,-77.294334	38.807249,-77.291434	38.794549,-77.314434	38.815349,-77.313134	AVG: 38.802961, -77.304534

R/544a9551299dd9dec1846e77f4b04	38.845642,-77.289217	38.850242,-77.296717	38.816242,-77.319517	38.813442,-77.294417	38.850042,-77.319317	38.832942,-77.291217	38.846642,-77.317917	38.827442,-77.310117	38.812842,-77.290717	38.837942,-77.309817	38.834942,-77.324617	38.841742,-77.306917	38.812142,-77.285117	38.811942,-77.297517	38.816342,-77.304517	38.828942,-77.313317	38.823642,-77.311017	38.823442,-77.297617	38.836142,-77.290217	38.836442,-77.289317	38.816742,-77.294517	38.835642,-77.297917	38.816942,-77.319417	38.812742,-77.313217	38.828342,-77.312817	AVG: 38.828382, -77.303881

R/544a94992f3e4f9c7eb56dcc7fe37	38.860937,-77.333577	38.857837,-77.325977	38.831437,-77.326777	38.834137,-77.296777	38.866137,-77.325077	38.845037,-77.325577	38.842037,-77.324277	38.844337,-77.323977	38.845737,-77.315977	38.855737,-77.313877	38.856837,-77.323677	38.845237,-77.311377	38.838037,-77.305877	38.848837,-77.335377	38.844637,-77.309777	38.855237,-77.310777	38.833137,-77.319277	38.853737,-77.305477	38.862737,-77.302877	38.834837,-77.307277	38.843737,-77.333177	38.854337,-77.300177	38.867737,-77.334177	38.849837,-77.313577	38.862137,-77.304477	AVG: 38.849377, -77.317169

R/544a945499d063cd574570febdf2a	38.844109,-77.304855	38.824409,-77.297855	38.814809,-77.314055	38.821609,-77.315455	38.816509,-77.293855	38.844409,-77.314155	38.830909,-77.309455	38.844709,-77.326555	38.815409,-77.311055	38.854609,-77.289555	38.825409,-77.325455	38.853309,-77.323855	38.851009,-77.302455	38.840709,-77.306155	38.814909,-77.311455	38.824209,-77.305855	38.836009,-77.300955	38.832309,-77.325155	38.846409,-77.326555	38.822909,-77.311655	38.842509,-77.299755	38.852509,-77.326255	38.826809,-77.306655	38.825009,-77.317455	38.825209,-77.309355	AVG: 38.833229, -77.311035

R/544a9343d5caa36895e653f94293e	38.808168,-77.292722	38.808368,-77.297522	38.824768,-77.298422	38.841768,-77.287022	38.838868,-77.307822	38.823868,-77.319422	38.841768,-77.299822	38.830868,-77.284322	38.819868,-77.319122	38.844268,-77.288122	38.843668,-77.296522	38.824268,-77.314122	38.820068,-77.305122	38.810168,-77.302222	38.825168,-77.286722	38.808768,-77.301522	38.806268,-77.306722	38.818368,-77.306122	38.811268,-77.295222	38.815268,-77.302222	38.828668,-77.291922	38.814868,-77.300422	38.828968,-77.302422	38.837068,-77.306422	38.824368,-77.288022	AVG: 38.823992, -77.300002

R/544a931d7ef1cf7866e4e7e899d9a	38.845098,-77.324392	38.838698,-77.315992	38.820098,-77.325592	38.811798,-77.321992	38.819698,-77.317692	38.812498,-77.324092	38.833198,-77.325792	38.817098,-77.294392	38.826598,-77.324492	38.839398,-77.298892	38.844198,-77.293792	38.839798,-77.302092	38.833498,-77.303992	38.837298,-77.299592	38.829698,-77.310392	38.837498,-77.312792	38.816498,-77.321092	38.820798,-77.325192	38.828798,-77.325392	38.825798,-77.326892	38.823698,-77.321492	38.842698,-77.315292	38.846498,-77.312492	38.834198,-77.319492	38.809598,-77.305692	AVG: 38.82939, -77.31476

R/544a92cb72628310e34d0f75ad1d9	38.847782,-77.3065767	38.845982,-77.3004767	38.819482,-77.3034767	38.829182,-77.3166767	38.837182,-77.3171767	38.841082,-77.3212767	38.825182,-77.2902767	38.831882,-77.2950767	38.849282,-77.2943767	38.837582,-77.3102767	38.844482,-77.3110767	38.824882,-77.3021767	38.849282,-77.3210767	38.840482,-77.3005767	38.842582,-77.2964767	38.815982,-77.3021767	38.812282,-77.3015767	38.833882,-77.3140767	38.825982,-77.3048767	38.811882,-77.3103767	38.822682,-77.3173767	38.831682,-77.2861767	38.831482,-77.2987767	38.814882,-77.3000767	38.839582,-77.2927767	AVG: 38.832266, -77.3046127

R/544a92a6152fbda58e24da58fa125	38.816311,-77.309326	38.844811,-77.320326	38.826511,-77.300826	38.819911,-77.293026	38.844911,-77.298526	38.814011,-77.315226	38.826811,-77.299326	38.832411,-77.309926	38.813511,-77.286426	38.816511,-77.309026	38.833311,-77.313926	38.845511,-77.303826	38.811011,-77.295526	38.840211,-77.303526	38.813011,-77.286926	38.830811,-77.315326	38.846611,-77.322626	38.826511,-77.295326	38.836211,-77.311526	38.830011,-77.313026	38.828211,-77.313426	38.843411,-77.324126	38.827011,-77.297526	38.832311,-77.300526	38.819211,-77.311326	AVG: 38.828763, -77.306018

R/544a929e109f3d8fd51614eb299da	38.796819,-77.284794	38.830419,-77.286794	38.826819,-77.293494	38.834419,-77.299594	38.799419,-77.319894	38.827119,-77.288194	38.834519,-77.309494	38.804919,-77.320194	38.802619,-77.296194	38.832619,-77.285394	38.804019,-77.319094	38.819919,-77.316394	38.824319,-77.314694	38.808919,-77.315094	38.799719,-77.285094	38.807419,-77.317894	38.821419,-77.300094	38.833119,-77.319394	38.824419,-77.299194	38.810019,-77.300894	38.803319,-77.317494	38.805519,-77.301794	38.824619,-77.286394	38.812319,-77.302694	38.806819,-77.315194	AVG: 38.815823, -77.303818

R/544a927d09918c6b3abfecdf6cfef	38.852807,-77.299454	38.832107,-77.313454	38.852907,-77.314354	38.825107,-77.300954	38.822607,-77.293454	38.817407,-77.300454	38.838407,-77.327254	38.823507,-77.308254	38.814807,-77.292654	38.817507,-77.309054	38.853607,-77.291954	38.853407,-77.313054	38.828507,-77.322254	38.844607,-77.311254	38.851007,-77.313054	38.845507,-77.289254	38.839707,-77.317554	38.818407,-77.299254	38.823307,-77.311354	38.816507,-77.289754	38.852407,-77.317354	38.854207,-77.316854	38.818807,-77.296854	38.817107,-77.309954	38.837907,-77.295354	AVG: 38.834087, -77.306178

R/544a925a6236b0a203a0de2a53ab2	38.832848,-77.314328	38.830348,-77.334028	38.809948,-77.313428	38.846348,-77.306728	38.831648,-77.314128	38.824448,-77.299528	38.839748,-77.307028	38.827948,-77.302628	38.819248,-77.309528	38.807648,-77.298628	38.813048,-77.314328	38.827748,-77.317528	38.840648,-77.326328	38.846248,-77.320728	38.827348,-77.311528	38.808548,-77.298828	38.820348,-77.333228	38.823548,-77.301628	38.832248,-77.304928	38.807948,-77.319828	38.837548,-77.334128	38.839148,-77.310228	38.835248,-77.312228	38.819548,-77.331428	38.827548,-77.299028	AVG: 38.827076, -77.313436

R/544a9057c28df9d5ba81867e6273a	38.816823,-77.312605	38.848723,-77.307005	38.852423,-77.305205	38.830223,-77.287905	38.833023,-77.321505	38.844523,-77.319405	38.846923,-77.309105	38.816023,-77.325505	38.842123,-77.314005	38.844423,-77.293405	38.847123,-77.289605	38.843823,-77.319305	38.825923,-77.309105	38.853723,-77.308605	38.831123,-77.297405	38.835223,-77.320205	38.827723,-77.287205	38.817823,-77.322605	38.852423,-77.287905	38.849723,-77.291105	38.833523,-77.308705	38.837323,-77.290605	38.824123,-77.299905	38.834823,-77.297405	38.822423,-77.287205	AVG: 38.836483, -77.304501

R/544a902abc35c6253399f10681b0c	38.838683,-77.302416	38.826183,-77.321516	38.833683,-77.319316	38.812183,-77.307316	38.844083,-77.326316	38.815483,-77.301316	38.836283,-77.308316	38.836683,-77.318816	38.833983,-77.307116	38.848283,-77.314016	38.825383,-77.315316	38.841483,-77.321116	38.838583,-77.306616	38.822783,-77.300016	38.827883,-77.301116	38.823183,-77.306116	38.816583,-77.301816	38.849383,-77.327416	38.815083,-77.317916	38.811683,-77.319916	38.819083,-77.313516	38.812983,-77.290716	38.817183,-77.308216	38.841383,-77.322916	38.850183,-77.297216	AVG: 38.829535, -77.311056

R/544a8fe66cbcece4fce6156812ff7	38.8132271,-77.3141918	38.8443271,-77.3043918	38.8266271,-77.3075918	38.8358271,-77.2916918	38.8394271,-77.2957918	38.8111271,-77.3032918	38.8479271,-77.3114918	38.8475271,-77.3229918	38.8222271,-77.2919918	38.8137271,-77.3230918	38.8243271,-77.3138918	38.8315271,-77.3218918	38.8313271,-77.2980918	38.8270271,-77.3152918	38.8177271,-77.3192918	38.8485271,-77.3140918	38.8227271,-77.3221918	38.8126271,-77.2984918	38.8159271,-77.3030918	38.8473271,-77.3105918	38.8174271,-77.2954918	38.8385271,-77.3002918	38.8422271,-77.3010918	38.8441271,-77.3088918	38.8103271,-77.2921918	AVG: 38.8293471, -77.3072558

R/544a8f6c19c8d5517b121ef628653	38.830505,-77.317714	38.821905,-77.311714	38.825705,-77.321914	38.824305,-77.291214	38.841605,-77.292014	38.816805,-77.292314	38.831905,-77.311814	38.825005,-77.310114	38.831605,-77.305414	38.834105,-77.307814	38.837705,-77.298114	38.823405,-77.323914	38.835805,-77.291814	38.843705,-77.304214	38.840405,-77.303114	38.837305,-77.310814	38.817205,-77.309014	38.846005,-77.296214	38.815205,-77.306114	38.818405,-77.331014	38.822705,-77.292914	38.828605,-77.310214	38.827105,-77.323914	38.816005,-77.301814	38.826205,-77.314614	AVG: 38.828769, -77.307194

R/544a8edda6857e6e22f07d160e2be	38.8152073,-77.3218526	38.8154073,-77.3216526	38.8145073,-77.3022526	38.8210073,-77.3173526	38.8304073,-77.3112526	38.8285073,-77.3158526	38.8172073,-77.3044526	38.8353073,-77.2952526	38.8338073,-77.2891526	38.8215073,-77.3111526	38.8329073,-77.2940526	38.8418073,-77.2955526	38.8498073,-77.2888526	38.8177073,-77.2945526	38.8345073,-77.3030526	38.8256073,-77.3012526	38.8506073,-77.3044526	38.8335073,-77.2898526	38.8259073,-77.2918526	38.8158073,-77.3001526	38.8254073,-77.3142526	38.8348073,-77.3154526	38.8286073,-77.3197526	38.8232073,-77.3034526	38.8331073,-77.3126526	AVG: 38.8282473, -77.3047766

R/544a8d48db817738fda4294191187	38.865777,-77.286422	38.848577,-77.321822	38.864677,-77.316622	38.859177,-77.312922	38.832577,-77.306922	38.859377,-77.285822	38.856577,-77.323622	38.845477,-77.284622	38.864377,-77.300722	38.862577,-77.287922	38.863577,-77.319522	38.849077,-77.303822	38.858877,-77.285422	38.855877,-77.317622	38.849477,-77.296422	38.850777,-77.292722	38.849777,-77.313122	38.860377,-77.290422	38.848877,-77.285322	38.846877,-77.295022	38.844277,-77.305122	38.843277,-77.317022	38.832577,-77.301822	38.831677,-77.311322	38.860277,-77.285922	AVG: 38.852193, -77.301922

R/544a8d35342dfcc810d6fc5332b33	38.845982,-77.297319	38.838682,-77.317619	38.835382,-77.287719	38.845282,-77.290619	38.826482,-77.285119	38.809982,-77.319619	38.834682,-77.285319	38.811682,-77.294119	38.837182,-77.313819	38.836182,-77.305719	38.838382,-77.303619	38.814582,-77.289619	38.843082,-77.286919	38.824982,-77.319219	38.809382,-77.289819	38.842482,-77.318019	38.841582,-77.300919	38.829582,-77.309819	38.834982,-77.312319	38.827582,-77.302219	38.808182,-77.295919	38.843782,-77.286319	38.817982,-77.323719	38.840482,-77.302419	38.831682,-77.301619	AVG: 38.83081, -77.301579

R/544a8d1f87dd1dd423911f3fe95f7	38.854198,-77.29743	38.826398,-77.32453	38.830898,-77.29723	38.824498,-77.32073	38.842298,-77.30443	38.822698,-77.29313	38.826398,-77.32193	38.825598,-77.29103	38.817398,-77.29493	38.832398,-77.29673	38.830998,-77.32373	38.818898,-77.31973	38.842798,-77.29353	38.821198,-77.32183	38.827898,-77.32323	38.830598,-77.32093	38.841898,-77.30993	38.838198,-77.28563	38.845998,-77.30623	38.831798,-77.29703	38.835898,-77.29673	38.816998,-77.29123	38.838298,-77.30273	38.849398,-77.32203	38.843798,-77.29063	AVG: 38.832698, -77.30589

R/544a8d1118eaca1a9d6b23270078d	38.839777,-77.321922	38.866577,-77.309422	38.840177,-77.288522	38.835777,-77.318122	38.862877,-77.303222	38.848177,-77.297622	38.847177,-77.316122	38.861377,-77.287822	38.857077,-77.306922	38.846577,-77.307722	38.852877,-77.309722	38.868577,-77.301122	38.852477,-77.321522	38.856577,-77.312822	38.840677,-77.291222	38.858177,-77.304922	38.840077,-77.296022	38.847077,-77.287722	38.843177,-77.286922	38.868177,-77.297122	38.846277,-77.319722	38.869377,-77.312422	38.851577,-77.317122	38.862177,-77.297922	38.830977,-77.316222	AVG: 38.851753, -77.305198

R/544a8cfebfc13c14c9b81b6631e0f	38.831287,-77.320034	38.839587,-77.299734	38.825787,-77.304534	38.813787,-77.317234	38.849287,-77.322334	38.849087,-77.304134	38.839787,-77.324534	38.846087,-77.286334	38.847587,-77.321234	38.836687,-77.318934	38.841287,-77.307834	38.827787,-77.296634	38.822887,-77.319034	38.837587,-77.311134	38.851687,-77.294534	38.839187,-77.309234	38.844887,-77.308234	38.829787,-77.297034	38.820087,-77.292834	38.822187,-77.310934	38.832887,-77.294934	38.829887,-77.292834	38.816387,-77.306834	38.833087,-77.308534	38.842787,-77.324334	AVG: 38.834855, -77.307758

R/544a8ce7bdb12e1edff1fbd93c640	38.817897,-77.310425	38.838797,-77.304025	38.850097,-77.304125	38.824097,-77.306525	38.843297,-77.303125	38.842597,-77.299325	38.822297,-77.324525	38.841997,-77.311625	38.832797,-77.292725	38.817497,-77.315325	38.820697,-77.303725	38.820897,-77.296825	38.838797,-77.317425	38.851797,-77.311525	38.822597,-77.295325	38.846597,-77.294225	38.847097,-77.292225	38.851397,-77.285725	38.851997,-77.303425	38.840197,-77.315325	38.822997,-77.293825	38.836597,-77.287925	38.834597,-77.301625	38.846797,-77.301425	38.842297,-77.307225	AVG: 38.836269, -77.303181

R/544a8cc16952e95ff82a708b93e5f	38.833325,-77.313529	38.819725,-77.304229	38.811825,-77.311229	38.826125,-77.303629	38.820525,-77.299629	38.834525,-77.291129	38.845125,-77.298529	38.838525,-77.313429	38.844325,-77.301329	38.830825,-77.313729	38.841125,-77.293729	38.821125,-77.321329	38.819925,-77.297829	38.848325,-77.295729	38.828925,-77.312129	38.848525,-77.310429	38.850125,-77.294029	38.848925,-77.309929	38.822125,-77.299629	38.838625,-77.317529	38.847725,-77.296429	38.840825,-77.307829	38.814225,-77.286029	38.851325,-77.308629	38.842825,-77.286129	AVG: 38.834781, -77.303509

R/544a8caac5bc4f21566e1117b5d46	38.8415793,-77.3122145	38.8370793,-77.3323145	38.8163793,-77.3038145	38.8217793,-77.3220145	38.8196793,-77.3225145	38.8467793,-77.3208145	38.8374793,-77.3029145	38.8398793,-77.2990145	38.8420793,-77.2954145	38.8369793,-77.3191145	38.8437793,-77.2973145	38.8206793,-77.3014145	38.8484793,-77.2982145	38.8463793,-77.3253145	38.8390793,-77.3137145	38.8117793,-77.3266145	38.8464793,-77.3110145	38.8401793,-77.3005145	38.8464793,-77.2959145	38.8329793,-77.3338145	38.8139793,-77.3314145	38.8493793,-77.2960145	38.8220793,-77.3036145	38.8193793,-77.3188145	38.8428793,-77.3328145	AVG: 38.8345473, -77.3126665

R/544a8bdac31bd435731b70ee3e8a4	38.821185,-77.296234	38.828585,-77.321434	38.814785,-77.321334	38.816285,-77.303634	38.840185,-77.308234	38.840185,-77.286234	38.851585,-77.314634	38.825985,-77.287034	38.821985,-77.293534	38.820485,-77.295934	38.846885,-77.293134	38.821885,-77.316534	38.847185,-77.313634	38.848785,-77.299534	38.822285,-77.300534	38.831385,-77.293234	38.825385,-77.304334	38.830285,-77.291934	38.820685,-77.320834	38.841185,-77.301034	38.845785,-77.324134	38.850085,-77.287034	38.847085,-77.309534	38.848285,-77.314034	38.818185,-77.309734	AVG: 38.833065, -77.304298

R/544a8b13e56563abf2d237f873f64	38.8205563,-77.287537	38.8266563,-77.282737	38.8140563,-77.316937	38.8493563,-77.319137	38.8163563,-77.309837	38.8109563,-77.317137	38.8422563,-77.290437	38.8250563,-77.287737	38.8442563,-77.300337	38.8442563,-77.313537	38.8430563,-77.281737	38.8178563,-77.292037	38.8118563,-77.293937	38.8358563,-77.286637	38.8455563,-77.291937	38.8163563,-77.301737	38.8438563,-77.295837	38.8324563,-77.287837	38.8250563,-77.288637	38.8487563,-77.292537	38.8235563,-77.298337	38.8193563,-77.292437	38.8318563,-77.299337	38.8435563,-77.313937	38.8441563,-77.295937	AVG: 38.8310763, -77.297529

R/544a8af8dfc7c4efd6ace52908a33	38.8241506,-77.3122393	38.8193506,-77.3144393	38.8399506,-77.3232393	38.8242506,-77.3101393	38.8523506,-77.3002393	38.8488506,-77.2941393	38.8531506,-77.3006393	38.8449506,-77.3086393	38.8315506,-77.3034393	38.8401506,-77.3010393	38.8272506,-77.2996393	38.8406506,-77.2880393	38.8347506,-77.3118393	38.8143506,-77.3001393	38.8226506,-77.3131393	38.8426506,-77.2980393	38.8372506,-77.3182393	38.8411506,-77.2993393	38.8490506,-77.3123393	38.8137506,-77.2913393	38.8164506,-77.2926393	38.8373506,-77.2930393	38.8529506,-77.2937393	38.8293506,-77.3113393	38.8258506,-77.3231393	AVG: 38.8345666, -77.3045673

R/544a8af52fe54c4b62825310eaac2	38.820855,-77.295035	38.831255,-77.312335	38.838955,-77.324335	38.813955,-77.321335	38.829655,-77.301435	38.824555,-77.293435	38.821455,-77.308435	38.847855,-77.316235	38.846655,-77.332435	38.814055,-77.309435	38.849655,-77.305235	38.849655,-77.315735	38.817955,-77.324535	38.825755,-77.320735	38.831655,-77.307335	38.839155,-77.332135	38.837955,-77.303935	38.850655,-77.307435	38.844355,-77.293735	38.837355,-77.332335	38.813855,-77.322335	38.837955,-77.307435	38.821655,-77.327835	38.849755,-77.327235	38.837855,-77.321935	AVG: 38.833379, -77.314575

R/544a8ae68fbf086c41ffc4e8ece99	38.8492631,-77.310438	38.8280631,-77.309038	38.8213631,-77.319038	38.8465631,-77.294738	38.8373631,-77.315438	38.8284631,-77.308838	38.8149631,-77.315138	38.8365631,-77.289238	38.8133631,-77.315638	38.8489631,-77.316638	38.8490631,-77.310538	38.8146631,-77.303438	38.8454631,-77.295238	38.8236631,-77.291638	38.8096631,-77.295138	38.8196631,-77.296938	38.8439631,-77.283738	38.8371631,-77.281238	38.8337631,-77.284138	38.8126631,-77.299838	38.8177631,-77.313138	38.8400631,-77.308138	38.8218631,-77.320738	38.8296631,-77.290738	38.8436631,-77.296338	AVG: 38.8307071, -77.302606

R/544a8ac8817c1d8062c4879fc2464	38.824155,-77.309935	38.816555,-77.299735	38.841555,-77.302535	38.820255,-77.318935	38.836055,-77.310735	38.836555,-77.304435	38.813355,-77.302835	38.834255,-77.328235	38.849055,-77.304735	38.840855,-77.306735	38.814155,-77.302935	38.835855,-77.311535	38.850855,-77.308535	38.837455,-77.322335	38.846855,-77.299635	38.827255,-77.292635	38.847255,-77.328635	38.827455,-77.306535	38.836555,-77.300735	38.830455,-77.318635	38.815555,-77.309235	38.825555,-77.321035	38.844455,-77.300635	38.837255,-77.303935	38.819255,-77.319935	AVG: 38.832355, -77.309431

R/544a8a932432e56e2c6de71cb92ac	38.830413,-77.32314	38.837713,-77.33054	38.817513,-77.30654	38.832513,-77.32134	38.811013,-77.33614	38.817313,-77.29744	38.831513,-77.33204	38.819013,-77.33314	38.837513,-77.31984	38.834013,-77.30014	38.809713,-77.31544	38.831213,-77.32504	38.831413,-77.30204	38.822513,-77.30744	38.820113,-77.32124	38.810713,-77.30974	38.825613,-77.30474	38.841013,-77.30164	38.828113,-77.30014	38.827613,-77.31624	38.812313,-77.32164	38.840113,-77.30214	38.813913,-77.32954	38.825913,-77.30204	38.807513,-77.31024	AVG: 38.824653, -77.314784

R/544a899f99feb3e470a84f6d1b445	38.838373,-77.305049	38.848773,-77.314849	38.825373,-77.318949	38.833873,-77.309449	38.848173,-77.317449	38.849873,-77.324549	38.822773,-77.313049	38.846773,-77.296549	38.836273,-77.299349	38.852373,-77.304549	38.833073,-77.287749	38.822973,-77.320949	38.832773,-77.310849	38.813273,-77.322749	38.827373,-77.291449	38.836173,-77.299649	38.837173,-77.285649	38.833773,-77.299749	38.837473,-77.324149	38.851373,-77.286549	38.846673,-77.304449	38.833773,-77.317749	38.849773,-77.314649	38.822773,-77.303449	38.837573,-77.293249	AVG: 38.836745, -77.306673

R/544a88f59b8aea224612e8cac2020	38.834708,-77.269826	38.832008,-77.266826	38.861308,-77.293526	38.850208,-77.275126	38.841408,-77.279526	38.861008,-77.254226	38.828808,-77.256626	38.826608,-77.255726	38.823708,-77.280826	38.856308,-77.265626	38.849408,-77.282726	38.855508,-77.276626	38.856908,-77.278426	38.859308,-77.275926	38.826608,-77.277426	38.841808,-77.275626	38.826408,-77.275526	38.852208,-77.290926	38.858908,-77.281826	38.833008,-77.275326	38.857708,-77.259226	38.825108,-77.276626	38.853008,-77.286526	38.830908,-77.290926	38.848208,-77.285026	AVG: 38.843644, -77.275462

R/544a85978299b210c787107dac6ed	38.81474,-77.32277	38.82474,-77.31317	38.81054,-77.31947	38.81714,-77.29697	38.81454,-77.32807	38.81314,-77.32797	38.81884,-77.31647	38.82654,-77.31947	38.84414,-77.33047	38.80684,-77.32307	38.82574,-77.33127	38.84674,-77.29717	38.81934,-77.31197	38.81524,-77.33117	38.83584,-77.31717	38.83964,-77.29917	38.83064,-77.30337	38.80764,-77.32127	38.82084,-77.30687	38.82834,-77.30677	38.81674,-77.31817	38.81304,-77.32947	38.81894,-77.32037	38.81124,-77.33147	38.82224,-77.31977	AVG: 38.821736, -77.317734

R/544a8349403e28d5079fd66c6b8a1	38.822175,-77.3091952	38.838175,-77.3124952	38.838675,-77.3129952	38.833675,-77.3106952	38.845475,-77.3262952	38.842075,-77.3022952	38.810875,-77.2976952	38.842575,-77.3158952	38.813675,-77.3024952	38.827075,-77.3101952	38.823075,-77.3250952	38.833175,-77.2884952	38.817475,-77.2918952	38.831775,-77.2917952	38.828775,-77.3271952	38.832975,-77.3059952	38.843975,-77.2929952	38.812875,-77.3089952	38.841475,-77.2996952	38.817075,-77.3071952	38.833475,-77.3006952	38.821475,-77.3212952	38.840275,-77.2930952	38.816475,-77.2901952	38.813775,-77.3104952	AVG: 38.828903, -77.3062152

R/544a82e46ea5a3285dc442d27c404	38.824855,-77.295268	38.847055,-77.310968	38.821455,-77.324268	38.814355,-77.301268	38.838255,-77.293968	38.844055,-77.297668	38.836955,-77.298068	38.822255,-77.300168	38.832255,-77.287468	38.838755,-77.325068	38.828655,-77.324468	38.831155,-77.287768	38.836155,-77.308368	38.825555,-77.319468	38.821155,-77.308268	38.825455,-77.316568	38.830055,-77.299868	38.820455,-77.306068	38.835755,-77.287168	38.825555,-77.309368	38.831655,-77.322468	38.827655,-77.297368	38.832055,-77.291968	38.840155,-77.299068	38.833555,-77.292068	AVG: 38.830611, -77.30418

R/544a82bce765ca1ed229d138e2954	38.836361,-77.307657	38.813361,-77.304657	38.848061,-77.318957	38.837661,-77.311857	38.816961,-77.308857	38.819061,-77.303857	38.843361,-77.291157	38.823261,-77.286157	38.841961,-77.285257	38.836561,-77.294057	38.832661,-77.301057	38.840461,-77.298257	38.814661,-77.315457	38.822561,-77.313157	38.843861,-77.306657	38.850361,-77.318457	38.824261,-77.313257	38.819461,-77.318657	38.832961,-77.302757	38.847461,-77.324657	38.829961,-77.295657	38.851461,-77.286057	38.825661,-77.323757	38.826761,-77.303457	38.830861,-77.314557	AVG: 38.832401, -77.305933

R/544a81d4d787106a349917575b10c	38.830632,-77.320708	38.861532,-77.317308	38.848032,-77.290408	38.828632,-77.326708	38.839232,-77.312908	38.839432,-77.296708	38.853832,-77.301908	38.864632,-77.288508	38.856232,-77.304108	38.836132,-77.323108	38.848332,-77.316708	38.851732,-77.288808	38.850632,-77.315808	38.845532,-77.319608	38.832732,-77.317708	38.865632,-77.291508	38.844332,-77.316108	38.844532,-77.322008	38.845832,-77.295308	38.851732,-77.304308	38.860132,-77.312708	38.851132,-77.298108	38.842732,-77.310408	38.835832,-77.312308	38.837132,-77.316708	AVG: 38.846652, -77.30882

R/544a81b148dcd04fe9a9059476d1b	38.835114,-77.285501	38.807414,-77.299201	38.826214,-77.293401	38.840814,-77.307401	38.807814,-77.298801	38.821214,-77.311701	38.826514,-77.306501	38.816614,-77.293401	38.829614,-77.299601	38.808514,-77.284601	38.821514,-77.305701	38.836714,-77.285401	38.843014,-77.298701	38.807414,-77.306001	38.837614,-77.286001	38.827414,-77.320401	38.808914,-77.307001	38.827814,-77.313101	38.813914,-77.305601	38.814114,-77.313101	38.824114,-77.283701	38.822314,-77.297401	38.806414,-77.292901	38.844214,-77.302501	38.815614,-77.317801	AVG: 38.822838, -77.300617

R/544a7fa7d419c7cc8f4dc988be659	38.8390767,-77.2846543	38.8223767,-77.3050543	38.8376767,-77.2999543	38.8232767,-77.2838543	38.8364767,-77.2930543	38.8142767,-77.3196543	38.8270767,-77.3029543	38.8442767,-77.2983543	38.8322767,-77.2893543	38.8297767,-77.3120543	38.8178767,-77.3127543	38.8416767,-77.3225543	38.8178767,-77.2909543	38.8270767,-77.2847543	38.8404767,-77.3212543	38.8136767,-77.3222543	38.8447767,-77.3067543	38.8493767,-77.2828543	38.8406767,-77.3063543	38.8337767,-77.2856543	38.8277767,-77.3112543	38.8376767,-77.3086543	38.8177767,-77.2874543	38.8408767,-77.2886543	38.8224767,-77.3072543	AVG: 38.8312167, -77.3011343

R/544a7ed1c4e6dcac7d11b2f18fd0c	38.840024,-77.286168	38.841124,-77.296868	38.847124,-77.294168	38.850824,-77.313268	38.814624,-77.293068	38.823724,-77.320568	38.840724,-77.316668	38.841224,-77.316568	38.828524,-77.309368	38.841124,-77.311868	38.822924,-77.325068	38.819824,-77.286368	38.849424,-77.316168	38.816124,-77.322968	38.835224,-77.299868	38.848124,-77.315768	38.850524,-77.297368	38.816724,-77.304068	38.835424,-77.320268	38.847624,-77.303468	38.813824,-77.294568	38.837324,-77.288868	38.819224,-77.296168	38.845224,-77.301568	38.834224,-77.319368	AVG: 38.834432, -77.30602

R/544a7eb43f836cc573591629f7348	38.847039,-77.291319	38.831539,-77.294919	38.842539,-77.308519	38.816339,-77.320519	38.816439,-77.288419	38.822639,-77.322919	38.825839,-77.301719	38.833239,-77.309319	38.829539,-77.295319	38.833839,-77.314319	38.824839,-77.305319	38.844739,-77.295019	38.834339,-77.311319	38.847939,-77.324919	38.846239,-77.297519	38.835339,-77.304719	38.816739,-77.307819	38.848539,-77.297619	38.824239,-77.311119	38.841139,-77.294019	38.849839,-77.325119	38.818139,-77.320819	38.832439,-77.323419	38.816739,-77.321019	38.816039,-77.295419	AVG: 38.831851, -77.307299

R/544a7e3651686b010f2bab086b5bb	38.823169,-77.287962	38.810369,-77.293162	38.844369,-77.314562	38.838269,-77.325662	38.828269,-77.309762	38.847069,-77.308762	38.844469,-77.308662	38.836469,-77.314962	38.848869,-77.319762	38.848769,-77.307962	38.837069,-77.321462	38.847169,-77.301562	38.833669,-77.303562	38.838569,-77.322362	38.848769,-77.318162	38.847969,-77.321562	38.846169,-77.301262	38.818169,-77.296762	38.829169,-77.327462	38.826869,-77.317562	38.834469,-77.292262	38.839769,-77.299862	38.831669,-77.301762	38.848769,-77.289462	38.819269,-77.301962	AVG: 38.836705, -77.30833

R/544a7e1e71355d6729d81168f2934	38.843168,-77.308412	38.822168,-77.302312	38.836768,-77.315012	38.827668,-77.295912	38.839568,-77.315112	38.813068,-77.305312	38.819368,-77.281312	38.844068,-77.307812	38.841868,-77.318512	38.845768,-77.283112	38.818868,-77.294712	38.818768,-77.319012	38.833668,-77.301712	38.823868,-77.318512	38.824568,-77.282312	38.832668,-77.313212	38.817668,-77.290712	38.824368,-77.285312	38.824568,-77.317912	38.843168,-77.301212	38.822068,-77.288512	38.841268,-77.300912	38.818368,-77.287212	38.821368,-77.302312	38.812168,-77.317912	AVG: 38.828436, -77.302172

R/544a7dd515d94b95bea88af47f9ef	38.820269,-77.322462	38.816569,-77.310862	38.825169,-77.311462	38.838469,-77.301662	38.833569,-77.314062	38.841169,-77.300062	38.834969,-77.316962	38.814469,-77.311462	38.823369,-77.298762	38.834169,-77.303062	38.826769,-77.316562	38.813669,-77.295062	38.819969,-77.305262	38.844769,-77.288362	38.845469,-77.318262	38.840369,-77.289662	38.833769,-77.324762	38.840769,-77.297762	38.847269,-77.288562	38.841469,-77.316062	38.813369,-77.311962	38.810769,-77.322962	38.836269,-77.326862	38.838569,-77.290962	38.820469,-77.318162	AVG: 38.830237, -77.308082

R/544a7d8519e8eb98fb4868d9c0e7e	38.845486,-77.288205	38.821786,-77.284505	38.846286,-77.296105	38.848986,-77.307905	38.837986,-77.294305	38.813986,-77.320405	38.839686,-77.312405	38.827886,-77.305305	38.840686,-77.318105	38.833986,-77.310705	38.826186,-77.302305	38.833286,-77.293905	38.813586,-77.287505	38.822986,-77.311605	38.841786,-77.313305	38.817986,-77.287805	38.844586,-77.319605	38.831986,-77.297105	38.845186,-77.303505	38.843986,-77.309905	38.825986,-77.313205	38.841986,-77.287905	38.835886,-77.288605	38.817486,-77.314405	38.826086,-77.310805	AVG: 38.83303, -77.303177

R/544a7cfac357769bef748e8362000	38.826562,-77.309799	38.830762,-77.323099	38.814162,-77.322099	38.809062,-77.310899	38.821962,-77.307499	38.834562,-77.329799	38.823262,-77.291099	38.827562,-77.319099	38.813562,-77.316799	38.828962,-77.307399	38.840262,-77.294299	38.811962,-77.297299	38.824862,-77.307299	38.836362,-77.317399	38.832662,-77.324499	38.832762,-77.299499	38.842662,-77.311999	38.832762,-77.327999	38.843362,-77.310999	38.839962,-77.298299	38.838662,-77.320999	38.847062,-77.317999	38.815762,-77.307999	38.839062,-77.313299	38.843762,-77.330099	AVG: 38.830094, -77.312703

R/544a7c9a9108bb84a562abdbec2c7	38.8244851,-77.2972963	38.8183851,-77.2957963	38.8428851,-77.3231963	38.8404851,-77.2992963	38.8461851,-77.2952963	38.8128851,-77.3030963	38.8323851,-77.3065963	38.8159851,-77.3043963	38.8404851,-77.3212963	38.8425851,-77.3134963	38.8276851,-77.3090963	38.8429851,-77.2910963	38.8193851,-77.3169963	38.8235851,-77.3029963	38.8129851,-77.2993963	38.8302851,-77.3241963	38.8125851,-77.2894963	38.8208851,-77.3136963	38.8301851,-77.2964963	38.8213851,-77.3257963	38.8402851,-77.3023963	38.8120851,-77.3264963	38.8145851,-77.2897963	38.8399851,-77.2885963	38.8136851,-77.3066963	AVG: 38.8271731, -77.3057203

R/544a7b66c0957a6d2bb079e568047	38.818576,-77.303657	38.848476,-77.299857	38.822776,-77.289557	38.852376,-77.325357	38.851276,-77.322357	38.814276,-77.316857	38.850476,-77.291757	38.823376,-77.300457	38.840776,-77.298357	38.825276,-77.293457	38.821176,-77.289457	38.824276,-77.293257	38.852576,-77.304157	38.845076,-77.304157	38.836376,-77.294057	38.823176,-77.313057	38.850776,-77.299757	38.819476,-77.314357	38.845576,-77.291957	38.824676,-77.293257	38.818076,-77.326057	38.843676,-77.317757	38.843876,-77.309357	38.834076,-77.291657	38.823276,-77.307057	AVG: 38.834152, -77.303641

R/544a7b38d62511f4c90fb91320e93	38.814642,-77.307595	38.825842,-77.301795	38.832142,-77.286895	38.838542,-77.302495	38.851442,-77.291695	38.843742,-77.292095	38.851842,-77.286995	38.851042,-77.322595	38.823042,-77.293895	38.838242,-77.296095	38.834542,-77.304195	38.846442,-77.290995	38.845842,-77.318495	38.840642,-77.311595	38.818242,-77.323295	38.851542,-77.292195	38.841942,-77.293695	38.839842,-77.316095	38.831442,-77.301495	38.842342,-77.306695	38.814242,-77.296895	38.818842,-77.323395	38.824542,-77.304295	38.814642,-77.297895	38.848342,-77.311295	AVG: 38.835358, -77.302987

R/544a7aa87d571cffc44887bd49984	38.810271,-77.306965	38.810771,-77.313665	38.820571,-77.292865	38.827071,-77.293465	38.814471,-77.296765	38.844071,-77.298765	38.833571,-77.297665	38.846771,-77.313265	38.822171,-77.291065	38.819371,-77.309465	38.848571,-77.283265	38.841271,-77.308865	38.826971,-77.304565	38.827171,-77.320265	38.841871,-77.307065	38.844071,-77.309465	38.830271,-77.314565	38.839771,-77.286065	38.831471,-77.319365	38.822571,-77.318565	38.836471,-77.300465	38.824071,-77.299865	38.820571,-77.289865	38.841171,-77.291565	38.845671,-77.304565	AVG: 38.830843, -77.302893

R/544a7a191033a1b6409741d52b85d	38.820991,-77.3015011	38.851191,-77.3240011	38.852791,-77.3195011	38.820191,-77.3234011	38.838191,-77.3166011	38.834191,-77.3250011	38.838791,-77.3112011	38.841291,-77.3181011	38.842491,-77.3240011	38.842891,-77.2921011	38.835391,-77.3069011	38.845191,-77.3064011	38.837091,-77.3065011	38.832891,-77.2984011	38.832391,-77.3024011	38.815091,-77.2937011	38.830391,-77.2936011	38.841891,-77.2888011	38.835191,-77.3237011	38.847991,-77.3181011	38.844591,-77.3217011	38.843291,-77.3126011	38.827591,-77.3018011	38.826891,-77.3202011	38.820491,-77.3116011	AVG: 38.835975, -77.3104731

R/544a79c7a61a2f8b568eda3658227	38.834462,-77.320562	38.830762,-77.299662	38.837362,-77.311462	38.803662,-77.323362	38.803462,-77.294762	38.806362,-77.298562	38.820262,-77.319662	38.809662,-77.306362	38.832662,-77.313562	38.805462,-77.293262	38.824662,-77.328562	38.841962,-77.315462	38.829062,-77.324562	38.815762,-77.293762	38.835462,-77.307062	38.821162,-77.331562	38.821262,-77.297562	38.804362,-77.325862	38.827062,-77.331362	38.805862,-77.312662	38.812862,-77.307562	38.823062,-77.317862	38.835562,-77.301962	38.813962,-77.309462	38.830062,-77.314562	AVG: 38.82105, -77.312042

R/544a78ecb4a91646a8ef062178ce9	38.844104,-77.30497	38.825004,-77.29627	38.816204,-77.31107	38.816204,-77.28997	38.836704,-77.32327	38.844504,-77.30697	38.813004,-77.28767	38.819604,-77.30817	38.838104,-77.31237	38.851104,-77.32057	38.842704,-77.28827	38.830904,-77.29597	38.844004,-77.30247	38.848304,-77.31137	38.846104,-77.30157	38.840904,-77.32597	38.816404,-77.30437	38.815304,-77.30237	38.847204,-77.29357	38.843804,-77.31447	38.831804,-77.29757	38.815404,-77.28907	38.813904,-77.29257	38.833804,-77.31647	38.837904,-77.28887	AVG: 38.83252, -77.30345

R/544a78397a7b7cca2cccf4f43d6d6	38.81896,-77.307371	38.82616,-77.303071	38.82016,-77.296571	38.83436,-77.310971	38.83136,-77.317271	38.81466,-77.291571	38.83896,-77.310271	38.82526,-77.326671	38.81176,-77.320071	38.84706,-77.309671	38.83086,-77.289871	38.82406,-77.317971	38.84176,-77.288571	38.82526,-77.315071	38.83186,-77.303871	38.81306,-77.295771	38.82036,-77.289171	38.82606,-77.325771	38.82816,-77.302571	38.83926,-77.312971	38.83366,-77.290771	38.84986,-77.297371	38.83016,-77.318671	38.81296,-77.315871	38.83266,-77.290071	AVG: 38.828348, -77.305915

R/544a78277098aa99d2412e7fdb979	38.832013,-77.290787	38.820313,-77.322587	38.850813,-77.322587	38.847813,-77.304687	38.845513,-77.303687	38.835113,-77.311287	38.831013,-77.310187	38.815113,-77.323287	38.819913,-77.309387	38.829213,-77.301587	38.820613,-77.295987	38.843313,-77.305787	38.828213,-77.298587	38.825513,-77.308387	38.839013,-77.322687	38.813513,-77.288487	38.850713,-77.318987	38.836413,-77.306987	38.821713,-77.286187	38.821513,-77.302887	38.812913,-77.302187	38.823913,-77.302687	38.841713,-77.300387	38.816613,-77.291487	38.825513,-77.322887	AVG: 38.829921, -77.306187

R/544a7808caaf7227c0b24d456cfd6	38.840792,-77.311204	38.834392,-77.298304	38.843692,-77.297004	38.850292,-77.286104	38.824092,-77.288204	38.822292,-77.292404	38.847492,-77.293404	38.831192,-77.301904	38.844992,-77.300704	38.852992,-77.287204	38.859592,-77.304704	38.829992,-77.302204	38.829592,-77.287604	38.836392,-77.316904	38.830692,-77.305104	38.822892,-77.301304	38.847892,-77.282704	38.844592,-77.305304	38.851592,-77.304304	38.858092,-77.287604	38.848992,-77.287404	38.848192,-77.308104	38.859592,-77.316204	38.857092,-77.316804	38.824992,-77.308604	AVG: 38.841696, -77.299652

R/544a780740aa9363148b53473b4a2	38.84206,-77.295071	38.84676,-77.314271	38.83306,-77.311071	38.83896,-77.310471	38.83206,-77.306571	38.82996,-77.289671	38.81226,-77.307071	38.83156,-77.291271	38.81946,-77.305171	38.84826,-77.297371	38.82276,-77.302371	38.82336,-77.321871	38.81416,-77.295671	38.83086,-77.324171	38.84396,-77.319671	38.83086,-77.288171	38.83746,-77.305071	38.81946,-77.296171	38.82676,-77.318271	38.82726,-77.314171	38.83686,-77.315571	38.84066,-77.311071	38.84036,-77.307871	38.81166,-77.293271	38.84596,-77.314771	AVG: 38.831472, -77.306247

R/544a77d7eeb0ea6aa0b46265a9a2a	38.823564,-77.300331	38.831264,-77.316731	38.851264,-77.315731	38.851064,-77.318931	38.824764,-77.313931	38.821564,-77.302431	38.820764,-77.313931	38.846064,-77.309931	38.842364,-77.324331	38.827564,-77.291531	38.836664,-77.303831	38.818964,-77.303431	38.831564,-77.297731	38.823664,-77.290731	38.839664,-77.317031	38.840064,-77.322031	38.838864,-77.290431	38.820664,-77.301631	38.831164,-77.294231	38.817664,-77.315131	38.843064,-77.286531	38.814764,-77.303731	38.844864,-77.286731	38.816464,-77.312531	38.852264,-77.287331	AVG: 38.832424, -77.304835

R/544a77d05988b50c47284fc4d5ec5	38.81536,-77.306871	38.84246,-77.302871	38.83296,-77.314371	38.81246,-77.301271	38.83736,-77.292371	38.82396,-77.287971	38.83046,-77.294971	38.81986,-77.290171	38.83526,-77.325071	38.83846,-77.288971	38.82186,-77.327371	38.81816,-77.318071	38.82156,-77.299271	38.81636,-77.322371	38.81696,-77.305671	38.81756,-77.310371	38.82316,-77.318271	38.83746,-77.289271	38.82276,-77.312471	38.84356,-77.291571	38.81476,-77.294271	38.84696,-77.325171	38.82376,-77.309671	38.82336,-77.295671	38.82636,-77.318071	AVG: 38.826528, -77.305699

R/544a778349d8888b62652e2957b6a	38.845687,-77.327273	38.840887,-77.323873	38.841187,-77.308973	38.847887,-77.326773	38.840387,-77.312873	38.825887,-77.310073	38.837487,-77.317973	38.846987,-77.300373	38.845287,-77.312273	38.833787,-77.315773	38.847987,-77.300073	38.829787,-77.296573	38.825387,-77.312973	38.849287,-77.308773	38.833187,-77.289373	38.816587,-77.312573	38.853187,-77.320473	38.828887,-77.318773	38.845587,-77.320173	38.837287,-77.300573	38.829887,-77.307273	38.841787,-77.299273	38.814687,-77.288373	38.824887,-77.307173	38.822787,-77.295673	AVG: 38.836267, -77.309373

R/544a7761b5e54afa55f2a9131628c	38.823261,-77.31704	38.830961,-77.31764	38.847961,-77.29384	38.809161,-77.29234	38.831761,-77.32694	38.809961,-77.28884	38.810961,-77.28844	38.822961,-77.31474	38.815361,-77.29044	38.818661,-77.32664	38.828761,-77.30104	38.846461,-77.30744	38.831661,-77.29904	38.824461,-77.30374	38.839461,-77.32354	38.820161,-77.29984	38.820661,-77.29344	38.831961,-77.28754	38.842461,-77.30044	38.816961,-77.31214	38.810861,-77.32084	38.845361,-77.30044	38.820061,-77.31874	38.848461,-77.32534	38.829561,-77.32274	AVG: 38.827133, -77.306928

R/544a7711dd64e0ea2b87e1ff7bb1f	38.834338,-77.29813	38.824438,-77.29653	38.840338,-77.29513	38.833738,-77.29623	38.851038,-77.30813	38.831638,-77.32313	38.822238,-77.30263	38.851938,-77.30703	38.842438,-77.29003	38.848338,-77.32483	38.836938,-77.28943	38.837438,-77.29653	38.851138,-77.29483	38.845338,-77.29793	38.817438,-77.29353	38.819338,-77.29543	38.838938,-77.31273	38.824638,-77.29303	38.840238,-77.31333	38.832438,-77.30763	38.843238,-77.29483	38.814138,-77.28853	38.835038,-77.31123	38.850938,-77.29763	38.845738,-77.30273	AVG: 38.836538, -77.301246

R/544a7667b315aa1d1a7bddff5e187	38.806083,-77.294767	38.806983,-77.314867	38.843483,-77.284567	38.828883,-77.301667	38.838283,-77.285467	38.828483,-77.301867	38.825383,-77.315067	38.841383,-77.312467	38.808683,-77.304667	38.820383,-77.314267	38.810283,-77.289667	38.821983,-77.285967	38.844583,-77.284167	38.813783,-77.297367	38.837683,-77.293867	38.836483,-77.305267	38.837483,-77.298167	38.819183,-77.303667	38.823583,-77.302067	38.822683,-77.290567	38.837383,-77.286467	38.833683,-77.289967	38.811883,-77.308867	38.806483,-77.302867	38.831083,-77.318767	AVG: 38.825451, -77.299495

R/544a760210bff871ff22837446970	38.830434,-77.325445	38.835834,-77.313345	38.847434,-77.310645	38.850634,-77.318845	38.841834,-77.296445	38.832334,-77.313945	38.837834,-77.308945	38.824634,-77.293845	38.843734,-77.314345	38.854034,-77.287445	38.853234,-77.301245	38.842334,-77.317845	38.833134,-77.295845	38.830134,-77.291745	38.844634,-77.290245	38.823634,-77.298145	38.819634,-77.306845	38.824734,-77.287145	38.826934,-77.291045	38.831234,-77.321245	38.851434,-77.294545	38.825834,-77.293645	38.851634,-77.309645	38.842934,-77.325045	38.822434,-77.306845	AVG: 38.836906, -77.304573

R/544a75fc43b34677d3dededf3d7b6	38.810579,-77.308774	38.836379,-77.302874	38.841479,-77.321574	38.808779,-77.311774	38.835779,-77.293174	38.819079,-77.313174	38.810879,-77.318074	38.818079,-77.318074	38.814379,-77.283474	38.842779,-77.316174	38.819179,-77.287774	38.836079,-77.305874	38.810379,-77.289274	38.844079,-77.292174	38.835879,-77.303074	38.815579,-77.321774	38.821179,-77.299474	38.833379,-77.284974	38.809479,-77.290974	38.815679,-77.295574	38.829579,-77.301574	38.839779,-77.299474	38.839879,-77.317274	38.812279,-77.305374	38.822979,-77.321374	AVG: 38.824943, -77.304126

R/544a75b79f9111b43330764c06248	38.828338,-77.31533	38.833738,-77.29943	38.817038,-77.29283	38.848338,-77.31793	38.827438,-77.31303	38.847938,-77.29363	38.813938,-77.29723	38.813538,-77.28763	38.815138,-77.29003	38.823638,-77.30143	38.836038,-77.29233	38.834038,-77.30583	38.820238,-77.29943	38.848638,-77.31013	38.823338,-77.31883	38.812938,-77.31633	38.839338,-77.29543	38.847338,-77.31183	38.850238,-77.30233	38.820838,-77.32343	38.825538,-77.31283	38.827138,-77.30393	38.821138,-77.31963	38.844038,-77.30773	38.849338,-77.30343	AVG: 38.83077, -77.305278

R/544a75854ddc68b1a28a290e48a41	38.856734,-77.319445	38.840034,-77.317745	38.825834,-77.287645	38.831734,-77.290045	38.857234,-77.311245	38.828734,-77.287845	38.837634,-77.307945	38.830734,-77.318845	38.819334,-77.294345	38.818634,-77.312945	38.832134,-77.321445	38.854634,-77.306245	38.831034,-77.292745	38.836334,-77.317845	38.821334,-77.323445	38.851434,-77.307945	38.833734,-77.321545	38.853134,-77.290445	38.852234,-77.304945	38.853234,-77.315345	38.843634,-77.303745	38.854834,-77.291945	38.847834,-77.325545	38.841434,-77.324145	38.833934,-77.302845	AVG: 38.839502, -77.307929

R/544a75375d3103eb7a0473e9a1428	38.824646,-77.28221	38.821446,-77.27801	38.816246,-77.30091	38.819246,-77.29501	38.812746,-77.28911	38.828246,-77.30981	38.803546,-77.29231	38.826546,-77.29261	38.816846,-77.28561	38.825846,-77.27331	38.839646,-77.30821	38.839346,-77.29751	38.836546,-77.30801	38.816646,-77.29841	38.834746,-77.27551	38.812646,-77.29071	38.827546,-77.29281	38.822846,-77.27461	38.826946,-77.28361	38.824546,-77.28601	38.840146,-77.30761	38.838746,-77.27281	38.839046,-77.28131	38.803246,-77.30791	38.802546,-77.31131	AVG: 38.824022, -77.29181

R/544a7535b2a2b6937cc790adbbadd	38.836716,-77.295309	38.847116,-77.291409	38.822216,-77.302609	38.840916,-77.325509	38.826516,-77.294909	38.826216,-77.296109	38.825316,-77.296509	38.834016,-77.327309	38.814316,-77.310309	38.827516,-77.306209	38.811216,-77.308509	38.818816,-77.315609	38.825716,-77.300709	38.831916,-77.297109	38.836116,-77.312509	38.827116,-77.313209	38.835216,-77.291109	38.828116,-77.290109	38.822416,-77.324009	38.831216,-77.315209	38.819716,-77.305209	38.839916,-77.290509	38.843016,-77.309909	38.820416,-77.322809	38.829216,-77.303809	AVG: 38.82884, -77.305861

R/544a750d53af9868519d6702f59b5	38.822779,-77.318279	38.831279,-77.319479	38.814879,-77.313879	38.846579,-77.298279	38.846179,-77.314879	38.851179,-77.325579	38.849979,-77.290579	38.833179,-77.297679	38.846779,-77.312679	38.829379,-77.290079	38.814279,-77.314979	38.836979,-77.324879	38.815779,-77.292879	38.838979,-77.289479	38.833079,-77.311879	38.825879,-77.306179	38.830479,-77.300979	38.852079,-77.322379	38.826179,-77.302679	38.813379,-77.294079	38.813979,-77.314179	38.842179,-77.323079	38.852479,-77.302179	38.828779,-77.309779	38.851179,-77.292079	AVG: 38.833915, -77.307323

R/544a74edd6d323cd16adc93574553	38.846734,-77.297545	38.818834,-77.295445	38.847734,-77.302545	38.842734,-77.304445	38.834234,-77.290845	38.825434,-77.287745	38.826134,-77.303845	38.822234,-77.296745	38.853234,-77.309445	38.824934,-77.318845	38.828234,-77.287245	38.851434,-77.294145	38.833434,-77.315745	38.827234,-77.325845	38.837734,-77.297445	38.831034,-77.312345	38.822734,-77.322945	38.835634,-77.304545	38.822534,-77.323445	38.854834,-77.289645	38.825334,-77.298145	38.839634,-77.310845	38.822534,-77.289245	38.818534,-77.315445	38.846234,-77.325145	AVG: 38.833574, -77.304785

R/544a74da8f3c78bef55f926950725	38.828396,-77.301733	38.839996,-77.284833	38.846896,-77.309733	38.833296,-77.308733	38.814596,-77.284133	38.839796,-77.294933	38.833796,-77.312033	38.818196,-77.296533	38.844496,-77.317833	38.840496,-77.317233	38.838096,-77.299433	38.830696,-77.315733	38.837196,-77.302833	38.811396,-77.292233	38.840896,-77.308733	38.810296,-77.288433	38.833996,-77.290233	38.830096,-77.295233	38.810696,-77.301033	38.835996,-77.308433	38.816096,-77.288133	38.826596,-77.310233	38.839396,-77.287433	38.831196,-77.320233	38.817096,-77.298333	AVG: 38.829988, -77.301377

R/544a745f4089c32f911b500e7be3d	38.834716,-77.296387	38.817616,-77.317087	38.813716,-77.290287	38.852416,-77.303987	38.829816,-77.308887	38.849916,-77.286987	38.816316,-77.293687	38.839316,-77.324187	38.852716,-77.301587	38.851116,-77.320287	38.837616,-77.313587	38.851416,-77.298687	38.815816,-77.319587	38.817416,-77.313287	38.850316,-77.307787	38.826716,-77.297987	38.839416,-77.315487	38.826516,-77.297487	38.825616,-77.306387	38.823416,-77.294587	38.813516,-77.289087	38.845416,-77.306887	38.830216,-77.304087	38.818616,-77.300687	38.827516,-77.319087	AVG: 38.832288, -77.305123

R/544a73d7a2598e50ca7dd97c5821f	38.809224,-77.288968	38.809624,-77.279068	38.825824,-77.292468	38.823624,-77.314368	38.813224,-77.311968	38.813824,-77.305268	38.825424,-77.292268	38.804724,-77.279868	38.809124,-77.291268	38.842624,-77.289668	38.808024,-77.279668	38.832124,-77.309668	38.810724,-77.301768	38.828324,-77.305368	38.825524,-77.311968	38.840824,-77.294768	38.830624,-77.276568	38.814324,-77.315268	38.816024,-77.290768	38.827824,-77.312168	38.836624,-77.310768	38.837424,-77.286768	38.837024,-77.285068	38.818624,-77.297168	38.825524,-77.285268	AVG: 38.822672, -77.296328

R/544a73cfa5e3481f6b9369c8047a0	38.833015,-77.255356	38.856415,-77.259656	38.831715,-77.283256	38.831015,-77.278856	38.835015,-77.256656	38.861315,-77.270556	38.847615,-77.287456	38.862015,-77.258456	38.849815,-77.255756	38.827015,-77.273856	38.835415,-77.254156	38.859715,-77.288456	38.857615,-77.274056	38.840815,-77.272756	38.862915,-77.291656	38.827915,-77.292856	38.842715,-77.266556	38.849515,-77.266956	38.857615,-77.288756	38.850115,-77.285256	38.852915,-77.283856	38.844315,-77.271156	38.862715,-77.258556	38.840015,-77.266656	38.839315,-77.261856	AVG: 38.846343, -77.272136

R/544a73adcde36ef7e16b036269709	38.8375793,-77.3032511	38.8108793,-77.3122511	38.8122793,-77.3200511	38.8126793,-77.3193511	38.8290793,-77.2928511	38.8385793,-77.2883511	38.8435793,-77.3009511	38.8334793,-77.3146511	38.8102793,-77.2944511	38.8484793,-77.3139511	38.8339793,-77.2953511	38.8475793,-77.2935511	38.8391793,-77.3104511	38.8397793,-77.2943511	38.8124793,-77.2972511	38.8464793,-77.3114511	38.8166793,-77.2962511	38.8197793,-77.3182511	38.8429793,-77.2995511	38.8411793,-77.2924511	38.8358793,-77.2957511	38.8277793,-77.3100511	38.8403793,-77.3168511	38.8495793,-77.3112511	38.8327793,-77.2907511	AVG: 38.8321353, -77.3037471

R/544a72ee1b9e54002853753583977	38.834472,-77.316656	38.829572,-77.313156	38.829872,-77.295756	38.835772,-77.301956	38.863472,-77.308356	38.847572,-77.318356	38.830972,-77.322656	38.833672,-77.303056	38.860772,-77.295756	38.846472,-77.291756	38.851672,-77.317656	38.851172,-77.303456	38.833872,-77.298256	38.830472,-77.303456	38.831872,-77.318456	38.854272,-77.322656	38.846972,-77.292856	38.852372,-77.303956	38.857872,-77.305256	38.849672,-77.314856	38.842372,-77.309456	38.835372,-77.306556	38.829672,-77.313156	38.854972,-77.288056	38.862372,-77.310056	AVG: 38.843904, -77.307024

R/544a72a98b1d053bf3e7d9070aefa	38.824444,-77.319153	38.816944,-77.323053	38.810644,-77.326453	38.810244,-77.294953	38.824744,-77.298053	38.814344,-77.323653	38.822244,-77.303253	38.844144,-77.324653	38.841244,-77.290253	38.827144,-77.292753	38.840944,-77.297653	38.835644,-77.326653	38.820544,-77.321353	38.833544,-77.315453	38.834944,-77.290153	38.818944,-77.308953	38.816844,-77.315353	38.814444,-77.288153	38.812844,-77.318253	38.825644,-77.287353	38.835244,-77.320053	38.827144,-77.290653	38.837744,-77.318153	38.816944,-77.298253	38.832244,-77.306353	AVG: 38.825592, -77.307961

R/544a7273bfe1839720e41d6e14043	38.848088,-77.298958	38.831488,-77.301058	38.839188,-77.295758	38.815788,-77.292858	38.825588,-77.287258	38.839388,-77.307158	38.821788,-77.293758	38.843988,-77.325158	38.819088,-77.308858	38.813488,-77.312758	38.812188,-77.299758	38.829988,-77.315858	38.837088,-77.300158	38.818588,-77.290058	38.847188,-77.314258	38.831688,-77.311158	38.828488,-77.317258	38.811788,-77.314558	38.812188,-77.313958	38.813988,-77.296858	38.823488,-77.307158	38.822988,-77.300758	38.837588,-77.304558	38.828588,-77.293858	38.830788,-77.299058	AVG: 38.82738, -77.304114

R/544a718592109539179286857bc56	38.819769,-77.319952	38.827969,-77.310752	38.827169,-77.298052	38.810469,-77.313952	38.829769,-77.317252	38.826669,-77.320252	38.812069,-77.305852	38.845869,-77.316552	38.819669,-77.305152	38.843969,-77.282352	38.825269,-77.307152	38.819869,-77.312552	38.847069,-77.291052	38.817069,-77.316052	38.843869,-77.295552	38.817169,-77.291352	38.842169,-77.288852	38.848869,-77.293452	38.814869,-77.316952	38.815569,-77.308952	38.849669,-77.285452	38.839969,-77.315952	38.836569,-77.301252	38.841069,-77.297652	38.811069,-77.284852	AVG: 38.829341, -77.303888

R/544a7122ccb7edd865d959389c92b	38.8534124,-77.3003258	38.8170124,-77.2867258	38.8438124,-77.3041258	38.8163124,-77.2896258	38.8406124,-77.2912258	38.8408124,-77.3138258	38.8493124,-77.3224258	38.8178124,-77.2889258	38.8286124,-77.3136258	38.8322124,-77.3208258	38.8335124,-77.2871258	38.8394124,-77.2945258	38.8315124,-77.3211258	38.8387124,-77.3227258	38.8437124,-77.3213258	38.8281124,-77.3183258	38.8443124,-77.3070258	38.8214124,-77.2922258	38.8160124,-77.3233258	38.8286124,-77.3119258	38.8523124,-77.3133258	38.8207124,-77.3214258	38.8393124,-77.2906258	38.8217124,-77.3033258	38.8406124,-77.2880258	AVG: 38.8335964, -77.3059218

R/544a7118748381118a82211b6ad0e	38.834298,-77.252813	38.859398,-77.265813	38.838698,-77.253313	38.837698,-77.274813	38.839298,-77.265113	38.855798,-77.253313	38.826398,-77.276113	38.825398,-77.274313	38.834398,-77.275013	38.845798,-77.272113	38.829998,-77.257213	38.851198,-77.269013	38.838998,-77.260313	38.843498,-77.287913	38.855298,-77.257813	38.821798,-77.283413	38.845198,-77.284913	38.824298,-77.288513	38.850298,-77.254613	38.837298,-77.281113	38.831298,-77.267013	38.849798,-77.287513	38.848798,-77.275913	38.824098,-77.259813	38.841298,-77.288513	AVG: 38.839614, -77.270653

R/544a6fe56a77a2745f375298195ad	38.844076,-77.289128	38.819276,-77.307428	38.831876,-77.293228	38.844076,-77.291128	38.821176,-77.296128	38.821976,-77.304228	38.833476,-77.318228	38.815876,-77.296228	38.815776,-77.296928	38.829976,-77.316528	38.815176,-77.318528	38.822876,-77.297728	38.849876,-77.312628	38.823176,-77.288028	38.818976,-77.298228	38.837576,-77.313628	38.835276,-77.315428	38.841076,-77.301028	38.835476,-77.310928	38.836476,-77.326328	38.846776,-77.316828	38.850476,-77.299628	38.847576,-77.300328	38.836276,-77.320828	38.832776,-77.304328	AVG: 38.832296, -77.305344

R/544a6f5211141c1cefb7ac9d3f8e8	38.84154,-77.303273	38.83274,-77.317673	38.82234,-77.289773	38.84684,-77.299073	38.82234,-77.296173	38.81354,-77.295773	38.84834,-77.325273	38.84974,-77.294073	38.81594,-77.313873	38.83124,-77.286373	38.85124,-77.317573	38.85024,-77.302273	38.84834,-77.308373	38.83034,-77.288873	38.84334,-77.288773	38.84264,-77.319373	38.83904,-77.313573	38.81354,-77.314773	38.83834,-77.285973	38.84954,-77.316273	38.84214,-77.317573	38.81634,-77.293573	38.81944,-77.293373	38.84904,-77.287273	38.81694,-77.321973	AVG: 38.835004, -77.303637

R/544a6f0e7f7c3465596865b1cde5f	38.839138,-77.289755	38.824738,-77.289955	38.827838,-77.316755	38.847138,-77.300755	38.832638,-77.325655	38.823338,-77.289355	38.808938,-77.295855	38.840138,-77.311155	38.816438,-77.291255	38.840938,-77.293355	38.836738,-77.288455	38.810238,-77.306855	38.810238,-77.289955	38.838438,-77.324755	38.812938,-77.317755	38.836938,-77.325555	38.817038,-77.324655	38.832438,-77.288355	38.828738,-77.289555	38.822138,-77.291055	38.841638,-77.297955	38.833438,-77.295455	38.813438,-77.322155	38.820138,-77.316255	38.815538,-77.326055	AVG: 38.826854, -77.304347

R/544a6ef8e0014b069624501e22573	38.84344,-77.305173	38.82774,-77.307373	38.82114,-77.315473	38.82744,-77.301073	38.81374,-77.324073	38.84364,-77.302173	38.84914,-77.315773	38.83304,-77.288573	38.83844,-77.321373	38.84834,-77.325073	38.83244,-77.285973	38.83784,-77.289273	38.82354,-77.307273	38.84654,-77.325273	38.82424,-77.300273	38.83944,-77.322973	38.85044,-77.311073	38.82774,-77.322873	38.83614,-77.299573	38.81444,-77.314073	38.83324,-77.323973	38.84824,-77.317973	38.82924,-77.314973	38.82774,-77.312273	38.85094,-77.289173	AVG: 38.834732, -77.309725

R/544a6edadc2d7eb2fa4f00ca86f19	38.838226,-77.318453	38.840126,-77.322453	38.846326,-77.322253	38.820226,-77.289353	38.849026,-77.321753	38.848426,-77.306853	38.825826,-77.307253	38.817626,-77.298853	38.824726,-77.307353	38.813226,-77.301453	38.849726,-77.319653	38.824426,-77.321753	38.819826,-77.289353	38.815026,-77.292153	38.850426,-77.325053	38.827626,-77.300453	38.817926,-77.305853	38.832526,-77.292253	38.812526,-77.303253	38.844726,-77.299653	38.829426,-77.300853	38.819126,-77.315353	38.814126,-77.321553	38.833826,-77.291253	38.814426,-77.322253	AVG: 38.829178, -77.307869

R/544a6eb83a11163870c7a3847e59e	38.810605,-77.31843	38.825205,-77.29353	38.832405,-77.29123	38.847705,-77.31863	38.849305,-77.31243	38.820405,-77.29293	38.829705,-77.30903	38.832405,-77.29423	38.818405,-77.31383	38.815305,-77.32703	38.832105,-77.30403	38.812405,-77.31543	38.847505,-77.31563	38.840105,-77.31883	38.848505,-77.29063	38.846105,-77.29683	38.816105,-77.29383	38.839405,-77.29213	38.816905,-77.31313	38.835105,-77.32313	38.845505,-77.30823	38.829405,-77.32683	38.815005,-77.30693	38.825105,-77.29883	38.830005,-77.30933	AVG: 38.830429, -77.307402

Y/605bdd205732cd448ecc139e18ef2f70	38.832194,-77.308037	38.832194,-77.308037	38.832194,-77.308037	38.832194,-77.308037	38.832194,-77.308037	38.832194,-77.308037	38.832194,-77.308037	38.832194,-77.308037	38.832194,-77.308037	38.832194,-77.308037	38.832194,-77.308037	38.832194,-77.308037	38.832194,-77.308037	38.832194,-77.308037	38.832194,-77.308037	38.832194,-77.308037	38.832194,-77.308037	38.832194,-77.308037	38.832194,-77.308037	38.832194,-77.308037	38.832194,-77.308037	38.832194,-77.308037	38.832194,-77.308037	38.832194,-77.308037	38.832194,-77.308037	AVG: 38.832194, -77.308037

